743 775 6
444 491 4
372 372 3
342 270 3
778 254 8
446 240 3
770 268 8
708 721 6
525 774 1
390 472 4
316 453 4
298 262 3
778 235 8
348 243 3
813 267 8
845 337 8
405 436 4
328 457 4
809 325 8
515 663 1
538 776 1
761 804 6
744 767 6
423 482 4
334 483 4
341 283 3
761 271 8
815 265 8
831 578 8
797 546 8
836 361 8
847 299 8
433 375 3
414 327 3
800 298 8
840 532 8
849 465 8
804 443 8
460 298 3
768 833 6
559 814 1
523 812 1
512 764 1
671 791 6
723 806 6
956 836 5
410 429 4
330 452 4
310 258 3
411 247 3
336 303 3
283 253 3
407 243 3
289 248 3
287 266 3
371 248 3
352 309 3
286 316 3
351 485 4
418 474 4
729 823 6
548 801 1
710 734 6
814 493 8
278 845 0
257 742 0
522 758 1
708 749 6
740 731 6
425 445 4
385 305 3
716 772 6
980 772 5
1007 842 5
766 820 6
536 792 1
720 726 6
528 734 1
286 736 0
682 813 6
839 402 8
838 317 8
768 722 6
570 824 1
274 863 0
508 817 1
739 815 6
1006 850 5
985 760 5
809 386 8
411 241 3
768 352 8
374 345 3
754 811 6
809 293 8
354 467 4
392 447 4
612 818 1
265 782 0
792 574 8
868 302 8
956 819 5
738 820 6
693 769 6
363 446 4
330 472 4
412 481 4
412 527 4
467 522 4
471 469 4
407 487 4
467 469 4
246 852 0
260 741 0
513 757 1
253 751 0
724 752 6
718 704 6
498 721 1
408 456 4
222 782 0
451 509 4
411 513 4
457 521 4
434 473 4
441 525 4
799 307 8
826 308 8
356 473 4
817 314 8
744 457 8
833 311 8
804 201 8
782 440 8
377 295 3
843 226 8
846 304 8
770 377 8
859 316 8
269 779 0
754 347 8
904 289 8
955 755 5
366 461 4
935 819 5
361 479 4
919 829 5
946 782 5
992 792 5
527 740 1
479 742 1
514 722 1
488 872 1
328 478 4
286 522 4
734 777 6
703 690 6
785 708 6
700 713 6
225 879 0
276 877 0
265 743 0
953 39 7
321 321 3
315 476 4
280 527 4
320 455 4
218 793 0
268 849 0
269 716 0
997 787 5
771 303 8
427 283 3
787 308 8
894 181 8
941 57 7
537 73 2
765 268 8
807 327 8
879 158 8
921 65 7
340 488 4
738 719 6
816 763 6
904 63 7
916 51 7
789 195 8
371 262 3
338 343 3
394 500 4
417 536 4
290 528 4
331 489 4
840 388 8
359 469 4
328 523 4
298 503 4
275 535 4
226 831 0
276 756 0
442 486 4
293 520 4
852 223 8
914 61 7
870 237 8
1028 716 5
1032 764 5
685 793 6
345 771 0
275 756 0
528 754 1
758 749 6
870 307 8
951 56 7
829 175 8
477 671 1
784 312 8
819 204 8
874 192 8
836 330 8
789 452 8
894 376 8
872 275 8
764 303 8
831 296 8
824 343 8
908 390 8
792 534 8
815 467 8
988 748 5
744 288 8
826 287 8
800 759 6
722 729 6
489 733 1
449 256 3
348 261 3
809 284 8
870 513 8
754 370 8
754 737 6
843 412 8
348 298 3
451 260 3
388 327 3
707 759 6
528 753 1
519 793 1
992 743 5
300 751 0
253 735 0
249 852 0
1014 809 5
990 739 5
742 721 6
814 724 6
988 731 5
982 772 5
1003 736 5
1002 746 5
1000 746 5
1020 736 5
993 760 5
999 757 5
860 200 8
998 837 5
996 764 5
919 79 7
1016 840 5
993 763 5
978 760 5
910 388 8
1017 783 5
998 760 5
893 250 8
1001 797 5
1005 760 5
933 67 7
981 807 5
978 756 5
749 741 6
1013 735 5
863 241 8
869 48 7
465 316 3
882 432 8
416 506 4
455 521 4
253 538 4
298 524 4
317 461 4
284 814 0
256 841 0
256 729 0
239 858 0
472 778 1
515 715 1
783 761 6
644 704 1
756 769 6
790 739 6
771 777 6
752 704 6
729 751 6
763 735 6
800 748 6
507 761 1
263 749 0
733 745 6
794 738 6
798 513 8
853 751 5
996 739 5
518 745 1
280 741 0
397 431 4
822 383 8
420 291 3
760 300 8
390 326 3
382 498 4
306 799 0
266 735 0
533 755 1
729 745 6
430 312 3
405 274 3
848 337 8
400 335 3
276 741 0
895 786 5
961 765 5
750 755 6
809 762 6
732 751 6
781 357 8
402 430 4
368 284 3
439 271 3
315 262 3
793 318 8
803 190 8
420 346 3
351 264 3
416 311 3
353 303 3
295 802 0
273 742 0
425 342 3
329 330 3
268 744 0
821 371 8
436 446 4
427 342 3
350 314 3
795 317 8
826 537 8
438 509 4
794 178 8
792 218 8
409 282 3
582 804 1
491 761 1
722 760 6
788 748 6
751 758 6
977 747 5
432 326 3
448 280 3
356 321 3
270 750 0
377 324 3
429 279 3
798 320 8
789 257 8
810 588 8
453 518 4
790 376 8
323 727 0
236 794 0
242 858 0
498 816 1
413 494 4
843 409 8
782 408 8
408 483 4
253 761 0
770 531 8
425 528 4
392 506 4
826 451 8
508 703 1
707 766 6
800 354 8
407 490 4
854 302 8
405 334 3
446 287 3
912 782 5
979 782 5
527 810 1
540 756 1
758 808 6
739 741 6
338 735 0
282 740 0
877 243 8
851 304 8
355 279 3
677 753 6
711 824 6
517 816 1
504 757 1
903 763 5
1014 748 5
530 742 1
779 755 6
1023 761 5
988 766 5
751 754 6
837 305 8
774 743 6
733 757 6
223 741 0
262 740 0
919 307 8
387 316 3
419 281 3
281 268 3
396 492 4
312 507 4
266 539 4
313 546 4
523 827 1
487 737 1
521 758 1
780 748 6
534 738 1
512 729 1
703 755 6
508 734 1
540 729 1
563 679 1
542 724 1
812 749 6
607 737 1
836 752 6
526 730 1
490 692 1
477 731 1
481 682 1
530 741 1
805 724 6
753 716 6
991 728 5
723 756 6
786 749 6
734 723 6
349 750 0
242 733 0
256 689 0
246 724 0
252 813 0
256 738 0
571 745 1
427 363 3
809 360 8
421 453 4
357 539 4
812 357 8
445 475 4
336 482 4
652 801 6
738 781 6
978 829 5
549 766 1
250 759 0
334 298 3
878 70 7
815 371 8
876 37 7
958 57 7
383 366 3
410 526 4
332 517 4
817 457 8
689 832 6
722 760 6
775 762 6
1019 758 5
984 770 5
702 758 6
513 750 1
251 765 0
385 474 4
305 500 4
279 537 4
315 472 4
366 335 3
308 552 4
425 567 4
439 483 4
312 481 4
322 282 3
409 289 3
331 304 3
330 483 4
295 577 4
322 486 4
307 546 4
322 472 4
810 431 8
862 384 8
352 518 4
820 332 8
853 465 8
792 578 8
325 542 4
268 563 4
328 468 4
328 498 4
299 558 4
382 476 4
384 359 3
328 528 4
247 817 0
278 781 0
830 429 8
777 602 8
834 247 8
392 264 3
393 338 3
452 352 3
869 234 8
811 413 8
859 160 8
815 262 8
346 277 3
440 266 3
367 353 3
438 340 3
819 348 8
342 285 3
452 279 3
906 832 5
734 778 6
826 397 8
771 594 8
826 342 8
434 328 3
784 350 8
838 219 8
825 570 8
778 600 8
803 371 8
809 435 8
771 426 8
368 322 3
836 389 8
857 355 8
772 206 8
875 291 8
799 321 8
542 721 1
797 394 8
730 393 8
627 845 1
481 798 1
251 763 0
983 776 5
743 766 6
562 754 1
513 758 1
523 833 1
461 489 4
427 503 4
337 489 4
431 485 4
838 348 8
472 260 3
878 470 8
414 549 4
454 522 4
855 360 8
877 441 8
455 519 4
847 389 8
333 518 4
728 774 6
862 267 8
850 334 8
435 472 4
877 378 8
979 704 5
861 233 8
873 254 8
894 238 8
996 806 5
1038 811 5
1004 753 5
738 754 6
647 852 1
781 816 6
806 753 6
997 759 5
602 840 1
530 844 1
263 859 0
847 207 8
893 288 8
878 50 7
903 265 8
386 282 3
843 187 8
786 262 8
403 288 3
306 345 3
433 333 3
313 328 3
818 361 8
833 168 8
365 471 4
575 829 1
507 748 1
258 734 0
251 824 0
824 798 6
740 742 6
1022 795 5
1000 728 5
870 198 8
432 251 3
972 57 7
867 52 7
871 294 8
996 773 5
960 744 5
1022 738 5
721 734 6
805 743 6
493 737 1
256 720 0
264 830 0
528 758 1
481 684 1
539 691 1
754 756 6
709 729 6
807 724 6
1003 739 5
991 834 5
424 531 4
438 463 4
307 472 4
253 825 0
268 709 0
264 746 0
316 709 0
523 733 1
712 770 6
670 754 6
997 750 5
964 763 5
995 752 5
303 731 0
254 735 0
337 471 4
450 477 4
344 270 3
872 190 8
363 255 3
636 764 6
548 738 1
509 722 1
342 28 2
825 416 8
645 786 6
503 821 1
494 733 1
394 447 4
417 482 4
342 308 3
340 258 3
337 330 3
434 314 3
845 326 8
955 45 7
914 45 7
982 832 5
963 767 5
943 808 5
970 748 5
713 737 6
771 742 6
537 735 1
494 739 1
266 742 0
205 781 0
347 456 4
289 523 4
427 516 4
915 42 7
744 834 6
742 737 6
968 773 5
422 321 3
827 342 8
757 741 6
697 752 6
958 759 5
922 47 7
930 47 7
426 38 2
306 31 2
405 269 3
384 333 3
392 510 4
438 512 4
278 761 0
415 273 3
857 394 8
436 521 4
357 464 4
820 242 8
357 308 3
448 474 4
573 729 1
525 717 1
260 753 0
740 741 6
979 745 5
949 784 5
999 800 5
266 782 0
230 746 0
273 745 0
264 866 0
524 743 1
529 834 1
737 774 6
711 733 6
519 724 1
849 342 8
727 755 6
758 853 6
983 771 5
1005 813 5
350 752 0
274 742 0
269 871 0
718 738 6
281 724 0
674 727 6
764 723 6
540 779 1
461 818 1
394 467 4
833 289 8
221 862 0
249 828 0
796 809 6
854 27 7
866 226 8
793 269 8
886 351 8
865 533 8
289 274 3
404 298 3
419 486 4
368 451 4
332 443 4
290 496 4
335 443 4
441 447 4
442 517 4
252 716 0
263 781 0
266 840 0
464 819 1
547 795 1
739 811 6
758 794 6
726 823 6
971 820 5
927 826 5
395 503 4
332 477 4
406 484 4
411 533 4
270 536 4
282 545 4
279 536 4
447 555 4
416 511 4
498 747 1
560 815 1
743 804 6
951 830 5
743 835 6
719 743 6
676 749 6
720 755 6
790 735 6
732 755 6
541 717 1
503 718 1
499 792 1
509 756 1
513 810 1
517 731 1
524 808 1
517 865 1
238 781 0
233 742 0
257 695 0
248 783 0
1023 789 5
978 772 5
995 836 5
270 813 0
243 789 0
1011 759 5
961 751 5
316 819 0
242 771 0
235 671 0
291 691 0
395 346 3
836 410 8
837 243 8
414 450 4
437 549 4
938 824 5
973 755 5
962 818 5
978 760 5
721 736 6
742 856 6
603 861 1
725 270 8
868 107 7
281 296 3
341 347 3
264 341 3
336 334 3
412 340 3
407 387 3
328 373 3
405 381 3
375 505 4
400 539 4
300 515 4
887 452 8
823 400 8
313 799 0
267 784 0
488 760 1
526 709 1
491 700 1
526 715 1
535 821 1
542 816 1
775 749 6
712 742 6
811 744 6
747 828 6
534 757 1
525 793 1
533 75 2
790 292 8
409 337 3
333 342 3
855 433 8
740 746 6
673 721 6
791 470 8
343 368 3
336 283 3
421 259 3
355 307 3
839 328 8
830 343 8
818 505 8
468 780 1
516 767 1
202 753 0
381 457 4
353 338 3
995 763 5
573 795 1
703 758 6
824 486 8
943 733 5
327 869 0
240 783 0
415 410 3
852 434 8
507 762 1
438 540 4
778 495 8
450 301 3
783 542 8
653 737 6
730 361 8
356 448 4
387 522 4
395 309 3
321 298 3
848 399 8
959 756 5
574 843 1
622 749 1
679 751 6
227 767 0
254 910 0
221 779 0
821 367 8
838 306 8
840 512 8
368 353 3
908 54 7
327 299 3
833 501 8
839 378 8
838 498 8
844 278 8
196 807 0
521 754 1
844 778 6
993 794 5
981 743 5
829 414 8
749 273 8
405 275 3
837 295 8
820 334 8
805 565 8
433 773 1
206 849 0
210 753 0
699 778 6
1017 764 5
761 294 8
356 271 3
395 542 4
418 510 4
806 418 8
813 355 8
394 415 4
418 474 4
380 378 3
338 324 3
843 277 8
517 707 1
558 762 1
747 723 6
831 294 8
389 328 3
341 313 3
417 482 4
285 771 0
428 81 2
353 269 3
453 281 3
325 337 3
425 508 4
297 548 4
429 543 4
465 542 4
517 729 1
450 714 1
493 729 1
273 733 0
489 725 1
533 730 1
528 821 1
732 733 6
694 730 6
751 732 6
726 791 6
582 740 1
536 740 1
482 744 1
505 858 1
689 781 6
701 744 6
749 732 6
789 730 6
715 757 6
743 814 6
260 744 0
276 807 0
308 787 0
270 751 0
265 846 0
962 734 5
978 719 5
689 746 6
851 364 8
879 380 8
773 230 8
364 275 3
317 329 3
398 540 4
654 683 1
804 740 6
244 803 0
319 760 0
267 732 0
515 733 1
273 739 0
399 506 4
333 477 4
771 325 8
336 264 3
798 314 8
398 466 4
302 279 3
408 266 3
294 269 3
804 317 8
271 36 2
903 40 7
977 45 7
907 47 7
552 46 2
476 50 2
772 464 8
827 762 6
683 732 6
501 733 1
257 740 0
711 732 6
755 722 6
401 491 4
317 485 4
724 746 6
684 738 6
720 742 6
785 727 6
996 726 5
826 714 6
980 724 5
306 738 0
256 731 0
802 385 8
766 246 8
837 523 8
739 547 8
386 304 3
278 276 3
774 224 8
391 275 3
265 275 3
400 280 3
463 283 3
790 478 8
873 570 8
402 496 4
321 490 4
622 725 1
838 749 6
946 845 5
444 537 4
405 534 4
252 528 4
455 530 4
294 541 4
427 537 4
396 489 4
307 486 4
285 542 4
424 536 4
285 540 4
504 763 1
974 709 5
741 426 8
743 258 8
883 41 7
454 30 2
337 37 2
252 37 2
262 34 2
460 36 2
922 47 7
982 43 7
412 489 4
308 302 3
815 561 8
709 804 6
696 743 6
431 766 1
244 841 0
960 843 5
837 759 6
749 750 6
707 806 6
578 65 2
420 484 4
804 458 8
453 488 4
777 405 8
411 526 4
194 784 0
231 710 0
256 738 0
484 725 1
754 800 6
725 730 6
822 329 8
834 195 8
786 542 8
822 267 8
515 62 2
748 838 6
710 731 6
978 740 5
510 779 1
511 725 1
939 819 5
713 754 6
546 731 1
508 735 1
971 736 5
550 715 1
505 724 1
704 752 6
737 740 6
659 744 6
960 753 5
936 820 5
998 810 5
257 836 0
770 461 8
424 470 4
334 454 4
313 283 3
432 289 3
308 350 3
383 349 3
299 357 3
356 501 4
391 529 4
278 524 4
402 533 4
276 536 4
340 501 4
330 483 4
397 531 4
439 539 4
401 538 4
437 537 4
441 492 4
422 266 3
449 80 2
352 295 3
969 68 7
920 74 7
323 869 0
225 846 0
230 795 0
229 719 0
275 724 0
246 824 0
746 243 8
329 277 3
410 331 3
417 475 4
773 332 8
372 296 3
391 479 4
785 351 8
803 310 8
779 755 6
738 820 6
506 815 1
267 868 0
292 781 0
280 895 0
283 849 0
213 799 0
275 798 0
285 872 0
529 833 1
532 771 1
494 856 1
276 878 0
283 771 0
292 874 0
523 849 1
482 842 1
507 765 1
544 769 1
300 873 0
291 780 0
280 885 0
255 785 0
259 658 0
261 710 0
379 523 4
292 817 0
267 803 0
319 806 0
391 508 4
257 867 0
262 778 0
263 765 0
252 861 0
257 794 0
278 886 0
273 898 0
494 850 1
510 757 1
699 752 6
368 494 4
317 255 3
395 483 4
255 830 0
328 847 0
332 842 0
482 844 1
507 750 1
716 766 6
269 878 0
264 781 0
233 818 0
462 344 3
464 269 3
813 285 8
288 282 3
268 333 3
417 529 4
414 466 4
480 80 2
431 742 1
466 779 1
478 759 1
456 275 3
367 367 3
416 358 3
418 495 4
356 324 3
419 357 3
739 297 8
882 315 8
821 333 8
749 571 8
876 180 8
760 780 6
700 819 6
714 753 6
664 764 6
480 810 1
499 752 1
246 716 0
999 800 5
966 748 5
710 744 6
758 722 6
758 265 8
870 194 8
718 796 6
743 747 6
716 810 6
494 772 1
504 694 1
498 651 1
510 708 1
523 773 1
297 730 0
954 735 5
1001 727 5
920 746 5
969 750 5
932 808 5
901 827 5
1037 800 5
995 740 5
950 737 5
250 729 0
243 671 0
260 652 0
241 725 0
232 781 0
261 655 0
549 664 1
384 481 4
424 489 4
454 516 4
291 506 4
387 240 3
340 317 3
284 315 3
887 268 8
761 549 8
955 721 5
996 720 5
948 797 5
718 804 6
764 577 8
777 403 8
371 281 3
455 284 3
367 334 3
303 346 3
393 355 3
456 353 3
450 543 4
597 796 1
726 753 6
272 760 0
297 845 0
604 809 1
431 519 4
810 487 8
818 442 8
417 504 4
844 452 8
885 417 8
404 500 4
334 497 4
452 503 4
691 838 6
816 771 6
989 750 5
757 744 6
384 327 3
343 310 3
300 303 3
464 298 3
838 782 6
790 766 6
719 741 6
293 40 2
274 740 0
276 837 0
522 819 1
748 814 6
750 748 6
709 751 6
849 448 8
889 312 8
864 511 8
845 186 8
981 712 5
741 736 6
426 341 3
347 294 3
449 289 3
293 288 3
450 296 3
294 359 3
354 358 3
291 359 3
347 359 3
418 372 3
252 762 0
502 755 1
608 744 1
699 749 6
753 743 6
793 745 6
712 751 6
935 805 5
976 761 5
429 539 4
304 539 4
433 546 4
302 547 4
331 501 4
411 559 4
447 567 4
429 523 4
467 522 4
449 558 4
272 554 4
316 559 4
424 557 4
275 547 4
316 546 4
260 546 4
311 550 4
413 39 2
404 447 4
430 535 4
400 513 4
351 380 3
367 250 3
536 44 2
232 38 2
398 524 4
704 835 6
749 764 6
1012 785 5
992 736 5
911 249 8
819 256 8
392 290 3
444 282 3
446 349 3
767 360 8
431 478 4
382 437 4
448 298 3
971 58 7
914 58 7
411 311 3
432 503 4
782 381 8
854 473 8
766 378 8
760 684 6
739 823 6
516 810 1
511 767 1
259 780 0
260 843 0
791 822 6
1007 844 5
958 759 5
718 857 6
294 760 0
256 728 0
350 485 4
413 505 4
281 530 4
319 489 4
297 539 4
274 367 3
303 308 3
373 328 3
431 507 4
327 292 3
410 279 3
306 336 3
392 355 3
771 411 8
913 756 5
978 764 5
941 27 7
889 38 7
289 24 2
315 284 3
262 43 2
855 47 7
962 59 7
247 36 2
242 47 2
360 439 4
342 485 4
353 804 0
265 724 0
992 833 5
996 764 5
963 740 5
428 543 4
405 495 4
434 534 4
818 446 8
848 277 8
875 224 8
822 235 8
909 32 7
960 30 7
960 865 5
796 833 6
439 348 3
795 358 8
326 293 3
381 468 4
796 376 8
420 510 4
371 504 4
261 730 0
511 718 1
814 297 8
782 556 8
695 764 6
962 738 5
233 734 0
988 732 5
948 748 5
937 814 5
851 318 8
751 316 8
219 772 0
240 724 0
227 826 0
327 295 3
379 452 4
315 496 4
424 494 4
317 461 4
287 539 4
414 531 4
446 543 4
581 756 1
336 529 4
269 551 4
610 794 1
512 727 1
509 740 1
511 696 1
724 754 6
729 802 6
304 852 0
247 845 0
227 814 0
706 758 6
763 753 6
459 724 1
505 725 1
839 312 8
794 502 8
792 278 8
740 286 8
209 833 0
229 734 0
238 841 0
509 785 1
326 835 0
236 756 0
235 755 0
309 492 4
269 544 4
298 488 4
300 327 3
307 286 3
425 285 3
289 344 3
400 344 3
460 340 3
538 803 1
906 823 5
954 741 5
1009 749 5
833 381 8
333 268 3
546 726 1
455 248 3
319 247 3
784 280 8
423 447 4
302 324 3
420 346 3
406 23 2
787 288 8
837 510 8
415 522 4
281 540 4
268 349 3
416 344 3
749 728 6
710 723 6
836 270 8
358 279 3
324 269 3
438 262 3
836 274 8
841 486 8
922 21 7
826 456 8
823 273 8
864 377 8
822 525 8
787 406 8
782 457 8
980 706 5
782 489 8
962 720 5
648 751 6
543 775 1
523 727 1
532 790 1
507 724 1
528 783 1
535 729 1
558 789 1
741 769 6
750 725 6
838 727 6
779 800 6
984 741 5
1035 724 5
1028 823 5
1017 728 5
1025 815 5
277 818 0
273 710 0
928 42 7
843 332 8
811 571 8
564 724 1
470 743 1
295 755 0
258 840 0
272 702 0
345 471 4
427 486 4
307 279 3
425 273 3
297 342 3
434 349 3
425 471 4
877 29 7
849 315 8
742 417 8
332 332 3
755 818 6
715 747 6
831 295 8
410 381 3
315 297 3
795 445 8
608 818 1
523 818 1
898 29 7
310 300 3
375 382 3
403 530 4
825 382 8
876 577 8
897 282 8
1006 846 5
960 754 5
410 785 0
236 752 0
496 754 1
743 754 6
478 820 1
474 748 1
218 791 0
238 845 0
648 785 6
717 742 6
989 749 5
777 341 8
369 515 4
307 289 3
839 328 8
740 835 6
686 742 6
783 747 6
987 739 5
240 749 0
244 840 0
504 789 1
542 812 1
482 726 1
537 736 1
723 819 6
794 839 6
981 823 5
956 734 5
342 501 4
537 719 1
519 793 1
441 827 1
259 818 0
739 820 6
302 361 3
256 831 0
220 863 0
503 816 1
318 366 3
260 867 0
481 820 1
547 830 1
215 853 0
630 825 1
461 775 1
510 843 1
789 806 6
222 811 0
360 519 4
860 324 8
385 297 3
428 284 3
301 276 3
778 306 8
339 284 3
580 734 1
776 321 8
347 290 3
770 313 8
817 247 8
319 278 3
754 331 8
626 795 1
712 743 6
983 740 5
425 500 4
256 736 0
501 742 1
996 731 5
510 740 1
519 797 1
521 752 1
430 495 4
547 752 1
753 735 6
526 774 1
719 743 6
535 770 1
735 735 6
515 768 1
232 834 0
490 759 1
736 735 6
718 745 6
974 739 5
728 740 6
786 735 6
742 735 6
975 733 5
1012 727 5
358 260 3
421 274 3
380 455 4
822 291 8
799 267 8
831 312 8
403 306 3
324 289 3
406 330 3
299 345 3
749 302 8
340 304 3
309 334 3
419 484 4
315 304 3
287 326 3
367 335 3
425 354 3
244 869 0
863 302 8
863 225 8
847 459 8
324 289 3
382 486 4
280 530 4
421 545 4
403 344 3
315 346 3
277 351 3
274 285 3
394 283 3
297 281 3
428 279 3
813 275 8
310 281 3
428 279 3
346 765 0
241 802 0
253 740 0
650 744 6
534 741 1
702 744 6
253 721 0
774 312 8
292 703 0
250 720 0
728 431 8
315 302 3
331 279 3
810 332 8
306 289 3
771 344 8
876 247 8
917 67 7
410 60 2
918 70 7
900 328 8
932 717 5
745 832 6
177 820 0
218 733 0
233 770 0
465 776 1
501 782 1
518 820 1
729 776 6
692 752 6
794 743 6
981 741 5
1018 748 5
997 802 5
470 508 4
375 541 4
255 551 4
265 278 3
264 41 2
982 73 7
902 68 7
1028 790 5
990 743 5
448 509 4
410 547 4
426 571 4
257 558 4
309 508 4
408 547 4
315 540 4
295 571 4
923 778 5
993 746 5
870 365 8
860 216 8
930 780 5
970 736 5
741 830 6
219 838 0
214 774 0
233 724 0
338 487 4
306 530 4
340 459 4
323 505 4
441 529 4
929 708 5
992 741 5
794 378 8
826 320 8
890 261 8
900 330 8
1009 775 5
973 740 5
665 753 6
307 850 0
338 782 0
401 51 2
807 361 8
413 284 3
331 270 3
846 297 8
840 402 8
863 560 8
799 537 8
745 808 6
539 834 1
860 381 8
897 376 8
911 275 8
880 420 8
906 270 8
871 172 8
844 164 8
844 404 8
794 553 8
741 570 8
859 180 8
390 285 3
386 500 4
701 843 6
413 478 4
460 479 4
743 833 6
453 490 4
403 475 4
661 788 6
837 440 8
856 380 8
889 272 8
831 546 8
805 793 6
746 792 6
536 764 1
797 580 8
878 371 8
852 214 8
544 815 1
306 851 0
959 832 5
926 831 5
759 837 6
542 837 1
570 847 1
530 840 1
280 878 0
535 854 1
553 854 1
545 741 1
560 784 1
549 735 1
558 737 1
551 809 1
516 828 1
928 827 5
998 743 5
337 294 3
451 296 3
332 366 3
806 321 8
577 703 1
532 702 1
925 86 7
859 328 8
991 756 5
734 729 6
788 738 6
560 724 1
513 717 1
575 707 1
525 797 1
562 795 1
808 314 8
819 203 8
366 391 3
477 730 1
524 740 1
567 720 1
544 786 1
250 736 0
285 706 0
798 743 6
730 729 6
971 744 5
1008 753 5
326 382 3
808 242 8
913 13 7
939 41 7
874 350 8
285 378 3
340 373 3
280 373 3
394 436 4
442 487 4
400 515 4
446 525 4
457 524 4
287 549 4
439 546 4
474 536 4
373 512 4
448 502 4
848 485 8
787 420 8
372 370 3
867 412 8
875 568 8
840 263 8
828 177 8
848 227 8
744 256 8
339 314 3
454 303 3
312 364 3
416 378 3
284 521 4
331 513 4
334 781 0
292 835 0
274 644 0
262 694 0
355 722 0
282 682 0
279 789 0
282 838 0
602 750 1
921 806 5
763 806 6
757 719 6
543 729 1
538 794 1
577 755 1
990 734 5
367 322 3
290 312 3
414 313 3
311 335 3
276 368 3
387 501 4
790 372 8
820 498 8
807 567 8
753 234 8
335 318 3
294 360 3
391 373 3
320 351 3
804 317 8
857 507 8
338 308 3
281 311 3
404 320 3
290 375 3
281 306 3
388 338 3
352 367 3
402 348 3
379 513 4
686 810 6
695 752 6
749 750 6
668 755 6
729 749 6
778 745 6
965 756 5
791 756 6
982 776 5
453 768 1
511 764 1
216 776 0
251 770 0
352 500 4
380 553 4
275 510 4
255 558 4
780 438 8
818 168 8
411 59 2
357 64 2
264 39 2
918 80 7
900 25 7
815 296 8
875 503 8
873 565 8
346 498 4
302 474 4
261 353 3
354 363 3
330 382 3
389 519 4
397 561 4
783 731 6
719 751 6
460 783 1
487 841 1
477 779 1
911 796 5
956 758 5
230 825 0
225 775 0
314 459 4
281 504 4
251 546 4
286 346 3
375 369 3
435 61 2
478 80 2
278 55 2
303 42 2
734 307 8
407 527 4
627 841 1
875 79 7
351 238 3
793 331 8
424 292 3
330 292 3
826 317 8
433 531 4
615 810 1
957 793 5
978 747 5
831 279 8
838 411 8
862 384 8
430 368 3
340 362 3
813 347 8
852 203 8
805 280 8
865 360 8
791 577 8
829 334 8
839 393 8
989 735 5
734 751 6
480 760 1
272 739 0
255 805 0
254 849 0
271 727 0
203 742 0
269 735 0
483 768 1
530 750 1
488 761 1
739 795 6
980 789 5
431 283 3
319 270 3
449 278 3
319 346 3
434 346 3
385 372 3
403 483 4
373 464 4
330 468 4
308 286 3
342 495 4
267 550 4
313 549 4
331 483 4
388 354 3
306 348 3
478 53 2
732 290 8
425 290 3
294 286 3
456 285 3
365 286 3
788 336 8
851 364 8
893 209 8
836 151 8
906 792 5
748 806 6
725 736 6
294 756 0
252 737 0
257 843 0
934 776 5
835 438 8
833 328 8
779 346 8
819 448 8
1016 798 5
984 744 5
972 812 5
985 739 5
692 732 6
787 396 8
850 332 8
831 245 8
837 161 8
873 289 8
883 482 8
869 435 8
414 241 3
433 246 3
404 467 4
686 764 6
321 309 3
428 328 3
385 481 4
494 744 1
271 739 0
497 753 1
562 724 1
489 764 1
785 751 6
697 757 6
1004 747 5
959 760 5
292 757 0
298 813 0
229 748 0
466 729 1
508 769 1
606 749 1
686 756 6
972 735 5
517 776 1
484 876 1
680 766 6
378 463 4
403 503 4
293 544 4
765 809 6
749 751 6
695 751 6
735 749 6
981 740 5
744 756 6
697 785 6
965 751 5
716 782 6
758 772 6
429 456 4
338 436 4
427 480 4
802 759 6
383 372 3
774 282 8
451 491 4
755 493 8
435 462 4
390 337 3
547 739 1
532 684 1
736 368 8
709 697 6
550 713 1
513 688 1
273 729 0
268 787 0
272 707 0
408 485 4
490 710 1
256 682 0
247 761 0
581 711 1
729 704 6
726 763 6
764 746 6
972 785 5
860 375 8
899 38 7
255 73 2
337 291 3
270 313 3
504 73 2
913 65 7
879 204 8
389 288 3
304 343 3
306 469 4
293 517 4
440 483 4
306 907 0
449 706 1
581 685 1
672 717 6
555 724 1
514 662 1
231 656 0
244 700 0
183 714 0
471 676 1
765 581 8
423 477 4
213 772 0
596 757 1
579 733 1
532 773 1
356 269 3
790 196 8
833 261 8
374 442 4
728 415 8
350 286 3
914 79 7
863 189 8
349 255 3
422 433 4
791 574 8
970 794 5
1030 793 5
930 800 5
972 794 5
749 752 6
715 737 6
767 751 6
685 729 6
758 516 8
526 724 1
284 672 0
239 695 0
226 773 0
199 701 0
255 702 0
314 687 0
194 746 0
205 701 0
240 678 0
758 416 8
349 305 3
582 659 1
989 759 5
996 722 5
493 678 1
446 450 4
731 740 6
753 315 8
922 70 7
814 599 8
932 741 5
973 740 5
765 522 8
473 477 4
533 852 1
742 805 6
950 754 5
482 706 1
240 695 0
230 831 0
537 760 1
424 488 4
715 752 6
677 768 6
757 758 6
717 756 6
660 780 6
715 773 6
477 780 1
476 721 1
520 706 1
516 766 1
514 866 1
813 384 8
797 203 8
378 468 4
487 753 1
367 480 4
415 488 4
391 249 3
311 267 3
366 493 4
426 517 4
935 838 5
961 753 5
733 768 6
683 758 6
734 761 6
782 743 6
829 338 8
908 51 7
861 63 7
610 69 2
227 793 0
238 675 0
256 701 0
226 668 0
252 692 0
257 733 0
217 741 0
253 866 0
516 861 1
714 837 6
715 739 6
279 733 0
183 829 0
223 839 0
283 778 0
311 726 0
498 836 1
587 799 1
508 708 1
491 762 1
269 765 0
343 753 0
289 764 0
295 706 0
505 710 1
280 694 0
504 705 1
388 562 4
392 490 4
483 64 2
952 836 5
949 792 5
944 838 5
736 830 6
849 517 8
725 743 6
978 752 5
595 799 1
228 671 0
333 42 2
941 15 7
770 824 6
815 511 8
355 283 3
558 846 1
744 829 6
727 758 6
985 765 5
763 432 8
760 251 8
816 257 8
404 277 3
307 284 3
791 262 8
706 763 6
873 517 8
396 501 4
308 471 4
272 533 4
307 518 4
401 519 4
448 541 4
375 535 4
283 524 4
400 520 4
441 536 4
427 474 4
344 343 3
422 336 3
935 778 5
721 764 6
676 766 6
996 766 5
953 755 5
408 733 1
463 735 1
261 719 0
557 781 1
746 770 6
690 758 6
786 761 6
471 711 1
499 745 1
494 858 1
989 786 5
958 755 5
256 821 0
256 716 0
975 750 5
717 739 6
675 747 6
250 741 0
187 776 0
215 738 0
261 738 0
171 770 0
204 751 0
390 516 4
715 821 6
689 757 6
729 774 6
263 926 0
789 234 8
285 285 3
406 326 3
779 323 8
711 744 6
401 367 3
383 442 4
796 299 8
1012 801 5
734 800 6
694 732 6
525 763 1
480 750 1
255 740 0
457 255 3
831 254 8
871 303 8
497 672 1
223 799 0
248 734 0
540 735 1
504 743 1
717 748 6
785 737 6
993 731 5
419 371 3
395 466 4
321 489 4
289 525 4
329 476 4
291 512 4
334 478 4
443 492 4
416 532 4
288 522 4
322 453 4
417 515 4
457 538 4
630 62 2
885 6 7
305 358 3
362 443 4
418 498 4
785 698 6
727 744 6
864 406 8
993 755 5
766 289 8
330 341 3
442 331 3
826 316 8
422 464 4
441 503 4
838 301 8
293 59 2
412 345 3
853 320 8
318 468 4
321 308 3
825 274 8
924 72 7
298 58 2
407 261 3
334 310 3
334 347 3
460 314 3
780 756 6
503 768 1
466 716 1
230 722 0
540 706 1
793 728 6
756 727 6
971 739 5
810 248 8
278 276 3
453 297 3
868 300 8
1027 749 5
788 730 6
1013 756 5
769 735 6
730 735 6
775 733 6
825 732 6
826 734 6
719 734 6
678 766 6
548 703 1
766 780 6
781 819 6
800 745 6
791 807 6
783 727 6
714 742 6
187 797 0
238 733 0
549 720 1
781 238 8
375 461 4
390 332 3
285 292 3
435 294 3
289 352 3
392 352 3
447 347 3
283 347 3
347 358 3
417 482 4
831 280 8
915 98 7
893 67 7
840 225 8
265 68 2
189 816 0
240 735 0
937 752 5
1018 752 5
781 782 6
754 436 8
376 477 4
452 494 4
427 331 3
449 686 1
554 766 1
544 705 1
498 698 1
514 817 1
560 837 1
489 709 1
233 722 0
201 795 0
243 728 0
251 720 0
523 699 1
1010 728 5
235 717 0
499 697 1
538 705 1
350 64 2
444 544 4
431 509 4
376 492 4
790 353 8
852 251 8
287 280 3
408 281 3
323 75 2
265 291 3
298 354 3
367 358 3
382 324 3
448 266 3
308 341 3
321 357 3
372 366 3
437 323 3
429 373 3
381 359 3
444 330 3
495 692 1
477 684 1
519 651 1
541 699 1
467 685 1
456 647 1
477 739 1
523 684 1
550 683 1
514 641 1
241 668 0
217 696 0
873 328 8
860 210 8
329 256 3
903 278 8
838 530 8
835 569 8
815 203 8
861 313 8
401 519 4
445 278 3
413 468 4
780 353 8
825 303 8
402 260 3
331 297 3
392 448 4
441 504 4
290 742 0
507 776 1
743 430 8
812 395 8
373 285 3
450 297 3
552 89 2
355 333 3
339 491 4
277 545 4
323 538 4
277 879 0
566 841 1
904 367 8
824 345 8
757 357 8
771 253 8
865 234 8
958 770 5
1001 831 5
730 838 6
557 80 2
924 75 7
311 272 3
319 359 3
447 359 3
409 471 4
416 523 4
463 529 4
466 475 4
393 475 4
501 804 1
541 879 1
267 748 0
413 434 4
418 484 4
354 505 4
417 529 4
457 523 4
436 482 4
457 543 4
429 486 4
438 482 4
437 481 4
478 496 4
410 491 4
442 510 4
436 812 1
272 754 0
562 707 1
1012 740 5
894 51 7
- - - - -