596 445 8
343 221 11
625 121 9
641 404 8
305 153 11
661 109 9
608 109 9
565 155 9
654 121 9
610 117 9
425 220 10
278 215 11
263 54 6
300 30 6
265 34 6
419 166 10
665 125 9
948 288 2
603 136 9
412 461 7
538 427 8
345 371 7
588 203 9
926 284 2
976 299 2
645 126 9
607 122 9
689 117 9
472 253 10
238 628 4
446 644 5
975 797 0
948 671 0
647 441 8
532 434 8
633 430 8
876 453 3
941 450 3
289 398 7
330 379 7
603 222 9
434 210 10
319 236 11
239 455 7
326 446 7
329 387 7
240 448 7
522 453 8
860 462 3
940 453 3
942 301 2
294 157 11
272 46 6
466 124 10
624 117 9
610 232 9
940 285 2
983 297 2
661 226 9
936 285 2
673 247 9
461 228 10
947 296 2
990 307 2
944 304 2
990 300 2
892 695 0
962 770 0
909 500 3
903 480 3
955 356 2
976 311 2
941 294 2
668 285 9
938 290 2
902 677 0
591 475 8
449 223 10
262 29 6
533 440 8
441 133 10
280 167 11
283 23 6
936 305 2
509 120 10
462 104 10
695 113 9
602 111 9
292 177 11
673 137 9
311 176 11
274 197 11
950 296 2
559 469 8
910 780 0
431 165 10
291 173 11
485 111 10
943 293 2
435 107 10
273 41 6
478 110 10
941 295 2
481 97 10
457 130 10
915 301 2
962 322 2
310 217 11
461 143 10
952 324 2
478 124 10
304 203 11
266 217 11
287 170 11
718 137 9
952 301 2
582 437 8
448 147 10
277 186 11
715 77 9
603 491 8
559 459 8
678 433 8
287 459 7
378 440 7
440 441 7
230 473 7
414 449 7
329 462 7
399 479 7
354 479 7
432 463 7
322 440 7
225 477 7
944 295 2
978 305 2
357 430 7
413 439 7
322 458 7
372 462 7
285 464 7
222 485 7
418 450 7
322 450 7
454 439 7
409 437 7
900 450 3
956 440 3
603 414 8
676 427 8
375 387 7
331 391 7
423 395 7
278 145 11
283 180 11
401 369 7
969 843 0
948 785 0
509 414 8
344 379 7
409 385 7
276 192 11
601 54 9
641 298 9
578 454 8
299 435 7
932 296 2
603 216 9
303 165 11
583 252 9
439 154 10
470 120 10
969 305 2
622 239 9
928 303 2
978 297 2
908 464 3
975 283 2
937 315 2
596 199 9
483 115 10
321 165 11
467 213 10
688 272 9
631 220 9
514 424 8
403 446 7
396 435 7
508 426 8
416 660 5
244 656 4
303 392 7
355 390 7
580 391 8
371 390 7
308 407 7
443 454 7
642 445 8
636 408 8
576 397 8
393 395 7
342 413 7
656 474 8
416 698 5
427 645 5
998 699 0
951 296 2
507 143 10
624 225 9
620 217 9
702 76 9
594 389 8
626 138 9
960 303 2
628 288 9
639 199 9
643 228 9
753 606 1
661 454 8
395 449 7
329 437 7
440 215 10
952 311 2
604 259 9
687 111 9
270 173 11
633 285 9
509 421 8
539 402 8
368 406 7
348 472 7
435 457 7
337 466 7
433 453 7
312 459 7
230 496 7
313 450 7
355 450 7
429 447 7
513 444 8
699 452 8
649 450 8
354 449 7
948 483 3
985 472 3
658 453 8
284 176 11
255 58 6
431 405 7
611 424 8
687 456 8
695 444 8
687 104 9
917 300 2
231 633 4
459 618 5
414 622 5
265 465 7
221 484 7
733 621 1
788 621 1
639 455 8
949 466 3
980 291 2
386 211 10
294 187 11
580 231 9
650 248 9
639 289 9
627 295 9
745 168 9
701 138 9
654 138 9
802 676 1
586 263 9
622 114 9
309 204 11
418 484 7
323 476 7
236 513 7
624 271 9
621 233 9
735 128 9
342 92 6
282 197 11
533 483 8
638 478 8
682 479 8
951 517 3
932 762 0
426 643 5
229 621 4
214 662 4
985 776 0
975 740 0
917 338 2
967 267 2
726 112 9
498 137 10
300 182 11
242 483 7
382 449 7
317 434 7
411 380 7
360 371 7
953 349 2
959 503 3
887 487 3
936 490 3
612 158 9
429 191 10
688 134 9
580 140 9
361 214 11
297 195 11
630 132 9
745 136 9
620 164 9
434 245 10
463 161 10
303 433 7
310 478 7
394 494 7
422 467 7
654 471 8
554 460 8
977 817 0
954 311 2
657 259 9
977 275 2
471 138 10
288 179 11
739 148 9
658 134 9
981 323 2
573 433 8
307 469 7
373 452 7
235 474 7
315 455 7
377 447 7
416 440 7
656 117 9
747 127 9
621 116 9
899 298 2
947 352 2
377 489 7
303 495 7
670 492 8
712 474 8
973 488 3
920 497 3
621 456 8
549 471 8
478 142 10
344 212 11
926 271 2
963 302 2
681 172 9
932 283 2
965 318 2
449 235 10
620 520 8
571 476 8
451 213 10
332 65 6
411 144 10
388 486 7
306 453 7
621 445 8
962 338 2
513 404 8
629 223 9
337 198 11
442 188 10
453 133 10
283 170 11
960 317 2
1014 770 0
660 71 9
704 73 9
637 56 9
344 63 6
788 602 1
882 526 3
761 659 1
936 477 3
985 481 3
938 475 3
979 465 3
951 461 3
966 301 2
626 256 9
541 438 8
661 267 9
595 250 9
603 202 9
562 420 8
645 450 8
680 452 8
646 466 8
356 377 7
319 388 7
368 386 7
197 628 4
236 638 4
204 623 4
195 654 4
227 626 4
924 324 2
216 640 4
272 661 4
1002 770 0
966 648 0
932 368 2
952 313 2
295 408 7
645 55 9
640 49 9
609 94 9
635 54 9
661 67 9
423 450 7
624 392 8
667 450 8
242 510 7
255 61 6
322 32 6
379 35 6
480 156 10
529 400 8
618 401 8
655 487 8
942 514 3
929 723 0
424 470 7
551 462 8
461 239 10
669 242 9
970 315 2
680 282 9
620 310 9
641 201 9
650 238 9
619 264 9
626 303 9
388 211 10
276 185 11
694 141 9
645 133 9
970 352 2
569 431 8
653 470 8
349 455 7
537 469 8
637 468 8
709 483 8
965 477 3
590 386 8
350 393 7
403 398 7
585 388 8
414 670 5
920 720 0
953 676 0
979 708 0
972 805 0
961 755 0
626 214 9
654 241 9
604 244 9
431 192 10
275 179 11
658 32 9
353 40 6
368 381 7
320 412 7
292 464 7
375 459 7
329 480 7
433 476 7
633 467 8
937 473 3
987 488 3
943 487 3
934 532 3
624 214 9
922 308 2
448 143 10
285 171 11
291 36 6
330 242 11
318 209 11
661 484 8
947 527 3
512 464 8
434 163 10
982 297 2
940 297 2
249 488 7
268 491 7
341 484 7
376 471 7
225 506 7
413 492 7
529 503 8
256 518 7
356 481 7
416 496 7
620 488 8
672 487 8
305 496 7
251 508 7
933 497 3
1000 484 3
537 392 8
581 401 8
349 406 7
970 733 0
1016 779 0
331 432 7
412 424 7
301 188 11
260 41 6
251 529 7
569 505 8
393 417 7
246 518 7
245 651 4
989 780 0
567 392 8
940 489 3
304 500 7
227 506 7
377 477 7
348 436 7
429 508 7
636 489 8
301 457 7
215 473 7
296 467 7
234 471 7
276 454 7
336 417 7
407 418 7
586 212 9
455 265 10
472 193 10
480 129 10
475 114 10
288 188 11
596 150 9
709 145 9
988 304 2
935 300 2
979 308 2
991 290 2
237 499 7
395 479 7
336 470 7
437 477 7
951 261 2
1001 303 2
559 495 8
302 396 7
505 117 10
986 303 2
929 305 2
868 453 3
960 480 3
619 234 9
690 61 9
996 315 2
939 306 2
611 227 9
640 43 9
364 40 6
426 208 10
304 179 11
959 308 2
543 144 9
317 183 11
232 463 7
300 475 7
622 469 8
961 480 3
970 292 2
611 154 9
653 213 9
713 96 9
499 123 10
950 294 2
646 258 9
425 212 10
720 145 9
595 141 9
283 209 11
279 162 11
684 141 9
986 305 2
934 304 2
955 321 2
1018 324 2
645 280 9
956 776 0
972 260 2
966 310 2
660 280 9
602 410 8
551 394 8
677 465 8
636 465 8
964 479 3
929 494 3
804 643 1
767 653 1
366 384 7
414 444 7
324 435 7
235 470 7
598 444 8
683 437 8
928 466 3
365 194 10
299 155 11
593 124 9
282 16 6
983 294 2
976 796 0
941 759 0
454 631 5
418 620 5
221 609 4
250 434 7
301 470 7
239 483 7
366 443 7
325 441 7
228 461 7
548 470 8
468 213 10
682 147 9
646 115 9
725 107 9
358 42 6
297 37 6
442 205 10
490 121 10
443 208 10
433 254 10
304 171 11
394 392 7
353 381 7
377 371 7
578 262 9
631 271 9
628 41 9
713 130 9
629 150 9
636 271 9
625 293 9
310 374 7
352 383 7
361 423 7
328 458 7
684 443 8
641 436 8
955 455 3
962 664 0
770 645 1
396 605 5
243 639 4
406 657 5
453 656 5
767 677 1
667 452 8
658 274 9
587 385 8
374 440 7
439 461 7
964 792 0
965 825 0
269 691 4
631 293 9
591 90 9
658 55 9
626 243 9
451 151 10
442 479 7
576 430 8
466 183 10
670 222 9
961 468 3
928 443 3
679 97 9
360 38 6
884 313 2
480 88 10
612 267 9
924 415 3
633 416 8
930 655 0
975 748 0
940 732 0
453 638 5
415 600 5
415 687 5
584 422 8
368 411 7
586 438 8
989 448 3
924 448 3
318 48 6
270 38 6
699 111 9
445 130 10
282 214 11
592 245 9
428 198 10
610 210 9
647 222 9
612 235 9
640 232 9
690 443 8
623 438 8
917 427 3
272 429 7
422 442 7
332 443 7
978 713 0
1010 768 0
949 639 0
231 664 4
966 716 0
1050 772 0
966 774 0
385 376 7
661 431 8
590 396 8
951 318 2
381 434 7
298 467 7
421 475 7
313 456 7
368 454 7
291 459 7
330 448 7
417 467 7
645 256 9
640 498 8
392 667 5
563 445 8
629 467 8
678 472 8
618 489 8
345 460 7
295 460 7
225 623 4
207 671 4
398 683 5
798 680 1
762 680 1
957 680 0
764 670 1
799 657 1
761 686 1
611 393 8
581 185 9
273 82 6
279 181 11
737 629 1
756 692 1
371 463 7
325 426 7
381 414 7
344 420 7
388 422 7
430 422 7
538 432 8
584 437 8
630 433 8
320 401 7
353 415 7
296 404 7
599 269 9
665 260 9
603 268 9
628 295 9
943 301 2
393 375 7
308 415 7
364 425 7
427 447 7
496 122 10
630 103 9
679 106 9
615 109 9
714 106 9
616 107 9
469 104 10
640 133 9
726 130 9
591 84 9
460 107 10
974 734 0
961 780 0
892 673 0
622 137 9
909 282 2
276 186 11
308 383 7
466 454 7
645 473 8
902 506 3
794 658 1
203 605 4
677 482 8
284 448 7
494 103 10
351 36 6
286 67 6
954 694 0
945 736 0
664 272 9
951 298 2
432 234 10
272 223 11
251 436 7
260 491 7
234 632 4
427 503 7
425 461 7
705 500 8
942 721 0
976 751 0
944 777 0
978 708 0
955 345 2
1002 467 3
952 469 3
974 506 3
673 277 9
651 121 9
628 52 9
332 43 6
275 31 6
479 215 10
338 443 7
312 389 7
385 406 7
199 618 4
961 768 0
987 678 0
962 355 2
928 309 2
1008 454 3
924 469 3
348 207 11
963 499 3
942 523 3
969 656 0
704 661 1
744 642 1
446 594 5
213 609 4
998 758 0
977 716 0
676 286 9
580 188 9
622 224 9
630 34 9
635 102 9
291 180 11
282 16 6
643 32 9
310 169 11
339 445 7
270 210 11
291 168 11
661 89 9
472 245 10
426 209 10
304 404 7
449 214 10
618 479 8
399 479 7
640 152 9
448 206 10
289 173 11
712 101 9
633 128 9
483 130 10
745 133 9
613 175 9
656 178 9
713 172 9
955 309 2
989 297 2
635 269 9
412 239 10
298 176 11
461 107 10
346 412 7
339 454 7
286 406 7
627 468 8
671 470 8
937 469 3
652 475 8
605 480 8
640 500 8
399 464 7
441 468 7
367 462 7
657 483 8
407 468 7
443 471 7
336 469 7
449 474 7
328 492 7
246 492 7
948 468 3
955 500 3
964 513 3
941 484 3
904 494 3
653 179 9
371 26 6
649 36 9
453 179 10
289 162 11
270 26 6
594 124 9
279 16 6
301 196 11
694 124 9
733 155 9
733 100 9
904 732 0
442 484 7
417 177 10
590 123 9
344 52 6
240 48 6
609 55 9
571 142 9
379 203 10
270 152 11
225 692 4
209 646 4
921 637 0
975 741 0
912 362 2
480 115 10
262 161 11
256 458 7
318 462 7
648 463 8
890 478 3
931 470 3
707 466 8
928 466 3
996 465 3
992 461 3
937 478 3
406 200 10
576 122 9
456 113 10
977 302 2
448 209 10
274 166 11
613 116 9
570 126 9
456 123 10
263 190 11
272 517 7
228 502 7
293 457 7
346 452 7
420 452 7
317 482 7
453 604 5
597 404 8
609 294 9
587 242 9
472 220 10
637 240 9
690 130 9
641 250 9
580 259 9
600 398 8
930 453 3
624 252 9
569 232 9
630 205 9
647 264 9
661 293 9
970 304 2
928 302 2
633 191 9
623 55 9
619 283 9
589 260 9
575 170 9
672 154 9
937 318 2
573 488 8
613 469 8
598 146 9
752 147 9
611 453 8
907 745 0
921 665 0
662 58 9
383 505 7
320 449 7
300 83 6
328 47 6
616 47 9
617 223 9
607 263 9
922 300 2
961 311 2
657 421 8
326 233 11
286 201 11
350 433 7
293 175 11
594 218 9
615 154 9
737 154 9
274 157 11
242 614 4
451 619 5
409 618 5
545 473 8
638 463 8
698 465 8
632 479 8
679 485 8
701 470 8
628 488 8
672 491 8
599 489 8
520 485 8
304 460 7
375 459 7
331 473 7
931 483 3
987 496 3
945 510 3
958 500 3
761 654 1
407 642 5
591 254 9
459 226 10
511 405 8
559 408 8
612 413 8
378 410 7
332 399 7
631 49 9
338 401 7
407 407 7
275 509 7
237 493 7
217 675 4
221 630 4
398 611 5
998 793 0
967 720 0
1032 772 0
612 392 8
559 481 8
638 488 8
922 490 3
259 477 7
337 469 7
453 185 10
894 301 2
381 469 7
586 484 8
661 477 8
681 465 8
620 473 8
844 477 3
919 469 3
442 270 10
307 457 7
239 481 7
298 188 11
352 44 6
634 59 9
571 436 8
532 439 8
928 492 3
938 773 0
409 662 5
257 680 4
262 510 7
630 506 8
375 427 7
327 449 7
332 506 7
248 502 7
410 511 7
640 506 8
702 489 8
625 515 8
329 483 7
254 523 7
266 479 7
518 497 8
248 492 7
314 468 7
238 491 7
323 477 7
358 481 7
430 476 7
439 484 7
228 509 7
260 476 7
549 482 8
909 464 3
413 431 7
240 488 7
250 462 7
589 183 9
945 342 2
324 203 11
271 179 11
436 232 10
460 155 10
241 40 6
625 162 9
855 500 3
939 504 3
994 778 0
959 365 2
945 315 2
274 171 11
497 163 10
454 156 10
270 183 11
439 216 10
463 167 10
638 155 9
715 155 9
425 160 10
276 46 6
335 47 6
413 198 10
273 165 11
618 152 9
713 153 9
594 166 9
652 169 9
622 271 9
589 252 9
651 265 9
594 297 9
859 478 3
914 490 3
984 489 3
884 488 3
546 463 8
306 455 7
259 51 6
369 43 6
617 55 9
369 485 7
262 617 4
200 623 4
358 488 7
319 485 7
363 482 7
408 490 7
323 474 7
360 459 7
410 468 7
300 482 7
380 477 7
432 478 7
263 491 7
314 491 7
367 481 7
606 484 8
667 496 8
919 489 3
542 472 8
327 474 7
420 474 7
573 450 8
603 481 8
668 490 8
619 487 8
672 497 8
360 493 7
652 492 8
612 490 8
923 487 3
453 633 5
985 776 0
575 185 9
345 214 11
298 226 11
459 264 10
314 239 11
256 513 7
941 483 3
630 492 8
571 496 8
939 368 2
337 74 6
273 80 6
647 72 9
301 77 6
438 690 5
923 712 0
993 758 0
684 487 8
898 483 3
411 501 7
287 498 7
608 486 8
381 506 7
1023 783 0
642 513 8
652 278 9
612 378 8
390 490 7
605 146 9
524 426 8
304 480 7
592 480 8
461 197 10
393 55 6
727 669 1
615 282 9
729 636 1
550 388 8
650 156 9
624 148 9
511 119 10
507 96 10
526 433 8
899 341 2
288 207 11
892 314 2
899 291 2
483 242 10
511 412 8
533 483 8
261 501 7
918 651 0
997 765 0
441 494 7
233 480 7
371 462 7
323 467 7
358 464 7
428 460 7
968 315 2
914 310 2
949 312 2
424 208 10
307 211 11
302 46 6
245 39 6
974 773 0
789 634 1
1012 767 0
913 326 2
321 463 7
367 468 7
342 403 7
522 409 8
591 420 8
966 759 0
1027 746 0
993 791 0
924 636 0
761 647 1
992 648 0
945 658 0
939 318 2
503 464 7
292 452 7
950 306 2
1025 712 0
931 255 2
334 25 6
267 30 6
614 45 9
370 53 6
617 49 9
437 223 10
341 404 7
399 416 7
353 459 7
256 492 7
353 507 7
398 439 7
699 178 9
633 133 9
289 242 11
292 206 11
312 421 7
589 238 9
383 369 7
329 478 7
247 487 7
564 489 8
912 350 2
944 480 3
941 256 2
970 290 2
986 440 3
947 464 3
736 642 1
634 92 9
631 228 9
512 116 10
383 409 7
614 199 9
594 242 9
505 130 10
296 210 11
613 228 9
620 122 9
492 124 10
691 109 9
938 300 2
894 461 3
927 482 3
846 506 3
998 737 0
947 774 0
934 735 0
934 743 0
975 745 0
929 770 0
985 742 0
931 767 0
979 763 0
1021 758 0
960 694 0
394 646 5
300 219 11
301 148 11
289 47 6
339 72 6
959 801 0
487 189 10
559 447 8
538 498 8
255 490 7
312 473 7
367 471 7
421 475 7
313 471 7
586 488 8
631 486 8
366 477 7
667 489 8
925 478 3
728 663 1
419 592 5
275 468 7
493 118 10
603 300 9
454 241 10
643 142 9
902 287 2
633 301 9
455 244 10
604 474 8
655 482 8
918 474 3
977 468 3
982 274 2
950 290 2
581 140 9
429 192 10
283 176 11
620 175 9
609 132 9
350 508 7
313 488 7
586 483 8
428 646 5
390 645 5
344 475 7
385 469 7
429 476 7
642 475 8
710 478 8
424 480 7
292 471 7
606 513 8
352 61 6
983 703 0
935 309 2
435 203 10
676 140 9
623 126 9
949 297 2
739 626 1
934 478 3
1000 453 3
342 489 7
969 754 0
274 480 7
351 472 7
393 474 7
654 478 8
343 404 7
416 409 7
575 407 8
284 504 7
255 504 7
402 616 5
580 481 8
673 475 8
550 407 8
339 407 7
602 289 9
611 234 9
953 297 2
998 292 2
948 294 2
482 242 10
407 207 10
287 173 11
948 480 3
640 138 9
511 144 10
280 193 11
441 117 10
646 145 9
930 520 3
927 711 0
274 204 11
453 264 10
713 166 9
979 322 2
920 347 2
463 222 10
868 531 3
1000 739 0
967 781 0
902 295 2
1019 315 2
928 312 2
1007 297 2
470 139 10
923 277 2
997 320 2
481 218 10
724 165 9
498 136 10
1030 291 2
942 318 2
377 478 7
258 494 7
273 209 11
460 241 10
587 120 9
555 504 8
702 465 8
580 436 8
329 208 11
253 16 6
697 62 9
931 324 2
471 252 10
451 131 10
969 320 2
899 329 2
453 189 10
430 149 10
957 316 2
412 475 7
249 484 7
278 24 6
431 179 10
602 184 9
491 164 10
899 336 2
469 169 10
969 792 0
596 120 9
740 132 9
483 129 10
265 174 11
535 467 8
660 475 8
573 472 8
881 482 3
945 481 3
640 271 9
483 208 10
926 449 3
855 481 3
603 468 8
501 147 10
931 462 3
991 469 3
940 475 3
616 252 9
660 249 9
614 263 9
670 270 9
619 278 9
395 197 10
626 310 9
643 302 9
470 165 10
735 128 9
879 754 0
987 718 0
968 663 0
952 497 3
323 462 7
258 646 4
212 641 4
655 48 9
452 166 10
281 215 11
472 135 10
984 312 2
935 296 2
303 461 7
1026 759 0
481 142 10
346 391 7
501 138 10
413 143 10
338 420 7
589 407 8
226 654 4
937 628 0
944 492 3
961 304 2
559 487 8
285 182 11
258 68 6
412 228 10
456 173 10
396 232 10
282 228 11
433 252 10
529 462 8
531 508 8
625 494 8
668 490 8
233 487 7
937 503 3
922 673 0
973 713 0
991 763 0
953 741 0
1026 737 0
1049 769 0
765 667 1
937 660 0
987 650 0
941 493 3
957 314 2
618 69 9
667 63 9
596 58 9
480 67 10
365 74 6
271 75 6
222 653 4
440 653 5
404 664 5
626 80 9
395 454 7
231 481 7
193 647 4
661 75 9
626 80 9
490 73 10
681 69 9
622 70 9
491 78 10
630 80 9
573 163 9
475 169 10
434 195 10
598 276 9
611 75 9
902 259 2
927 334 2
539 443 8
426 500 7
304 448 7
249 452 7
439 229 10
403 213 10
304 190 11
391 380 7
295 428 7
248 475 7
517 443 8
609 425 8
937 290 2
457 214 10
413 247 10
456 164 10
461 115 10
437 147 10
400 183 10
290 168 11
850 486 3
944 435 3
982 740 0
957 779 0
432 237 10
440 192 10
477 110 10
249 23 6
434 191 10
447 201 10
395 183 10
501 140 10
461 247 10
424 262 10
437 255 10
393 176 10
290 174 11
430 193 10
459 98 10
495 106 10
466 135 10
490 110 10
436 124 10
441 131 10
484 190 10
431 236 10
429 233 10
482 200 10
397 179 10
298 184 11
415 193 10
415 241 10
334 447 7
320 208 11
579 494 8
680 464 8
629 453 8
631 231 9
1012 763 0
977 640 0
790 621 1
810 632 1
415 615 5
464 607 5
387 605 5
251 620 4
446 612 5
321 468 7
358 469 7
319 455 7
387 455 7
651 454 8
550 463 8
626 457 8
677 460 8
716 459 8
636 470 8
926 470 3
963 477 3
912 489 3
861 484 3
952 480 3
618 188 9
673 181 9
465 179 10
637 73 9
301 175 11
325 89 6
512 134 10
661 82 9
283 229 11
259 438 7
373 426 7
329 429 7
566 425 8
588 413 8
385 400 7
326 416 7
590 409 8
553 414 8
229 702 4
224 632 4
272 642 4
224 665 4
229 650 4
276 652 4
240 644 4
286 646 4
436 657 5
485 184 10
584 169 9
373 422 7
378 467 7
350 412 7
547 425 8
568 163 9
258 193 11
439 165 10
260 197 11
453 135 10
447 175 10
249 63 6
320 67 6
360 408 7
287 441 7
370 461 7
770 638 1
952 761 0
841 471 3
899 478 3
946 475 3
907 296 2
618 272 9
513 433 8
576 440 8
935 743 0
951 777 0
970 762 0
936 672 0
927 733 0
970 727 0
910 723 0
981 732 0
939 770 0
1023 763 0
957 771 0
701 154 9
694 62 9
650 127 9
582 143 9
690 161 9
618 172 9
675 187 9
600 259 9
597 151 9
731 151 9
593 193 9
613 161 9
574 164 9
696 159 9
582 187 9
676 192 9
602 142 9
743 131 9
950 274 2
340 181 11
289 192 11
714 143 9
600 125 9
463 131 10
957 303 2
289 214 11
601 505 8
626 478 8
265 468 7
239 498 7
873 456 3
943 462 3
242 482 7
299 474 7
338 467 7
979 290 2
366 201 10
281 194 11
483 203 10
928 309 2
973 300 2
624 447 8
677 157 9
970 319 2
938 298 2
987 299 2
645 262 9
484 128 10
959 290 2
599 234 9
551 487 8
648 475 8
937 473 3
973 757 0
579 99 9
958 751 0
985 727 0
463 139 10
266 173 11
292 201 11
656 135 9
722 136 9
614 161 9
358 458 7
276 478 7
238 501 7
549 482 8
634 465 8
355 461 7
418 460 7
907 311 2
945 301 2
332 428 7
332 464 7
241 502 7
261 454 7
606 145 9
385 461 7
379 498 7
331 208 11
961 779 0
639 290 9
613 152 9
279 201 11
653 183 9
662 152 9
615 144 9
474 239 10
644 186 9
948 309 2
985 309 2
626 425 8
981 304 2
684 99 9
935 300 2
991 312 2
935 301 2
564 253 9
578 494 8
845 493 3
649 174 9
455 229 10
500 145 10
556 507 8
860 509 3
925 486 3
853 495 3
509 129 10
271 55 6
935 316 2
541 496 8
629 479 8
300 455 7
235 465 7
256 505 7
971 763 0
914 257 2
649 161 9
605 145 9
717 124 9
636 163 9
620 86 9
635 37 9
305 40 6
880 305 2
936 324 2
984 315 2
917 322 2
932 486 3
590 495 8
629 490 8
674 490 8
920 344 2
954 320 2
996 309 2
936 325 2
986 315 2
931 316 2
874 489 3
976 746 0
944 770 0
559 509 8
629 109 9
921 275 2
442 167 10
587 123 9
403 466 7
302 453 7
672 149 9
629 243 9
623 435 8
623 472 8
664 479 8
438 635 5
635 482 8
946 737 0
1016 732 0
972 739 0
436 652 5
962 638 0
965 443 3
935 464 3
998 750 0
943 773 0
952 770 0
426 632 5
929 694 0
948 653 0
390 636 5
429 637 5
206 635 4
226 687 4
610 264 9
941 301 2
955 306 2
496 236 10
312 216 11
453 166 10
765 644 1
655 467 8
585 451 8
372 64 6
624 84 9
488 150 10
966 338 2
971 281 2
917 463 3
967 811 0
219 599 4
449 584 5
584 463 8
645 452 8
939 484 3
571 403 8
324 388 7
362 394 7
300 185 11
253 51 6
362 62 6
958 260 2
682 76 9
626 80 9
479 154 10
444 173 10
429 210 10
625 232 9
974 686 0
612 274 9
396 393 7
626 405 8
570 388 8
340 383 7
402 218 10
600 245 9
348 218 11
287 200 11
395 213 10
463 187 10
642 258 9
562 382 8
577 440 8
622 459 8
857 499 3
957 489 3
643 437 8
701 454 8
1004 487 3
929 477 3
409 439 7
335 439 7
407 446 7
451 453 7
312 461 7
385 464 7
439 455 7
234 469 7
274 228 11
353 87 6
658 79 9
739 143 9
691 145 9
962 783 0
410 480 7
379 212 10
583 236 9
425 239 10
606 238 9
649 258 9
453 163 10
876 475 3
545 486 8
282 471 7
627 456 8
608 482 8
527 469 8
610 454 8
653 442 8
373 419 7
442 154 10
694 143 9
433 231 10
482 222 10
876 531 3
550 472 8
279 477 7
240 489 7
863 504 3
918 495 3
956 488 3
1011 484 3
903 486 3
863 499 3
401 208 10
459 145 10
263 497 7
278 465 7
341 465 7
409 468 7
460 482 7
606 498 8
683 504 8
988 498 3
916 503 3
845 512 3
344 472 7
276 471 7
234 502 7
868 519 3
919 493 3
927 497 3
1010 485 3
945 487 3
908 512 3
907 511 3
901 515 3
912 743 0
965 789 0
910 765 0
703 72 9
453 191 10
895 539 3
924 508 3
972 486 3
889 490 3
953 742 0
983 783 0
418 481 7
271 454 7
355 427 7
411 454 7
319 453 7
408 448 7
446 471 7
439 470 7
517 491 8
653 488 8
642 303 9
610 73 9
304 58 6
538 401 8
544 461 8
643 486 8
927 325 2
992 751 0
791 635 1
935 308 2
523 434 8
310 447 7
230 475 7
478 216 10
651 81 9
298 59 6
622 478 8
670 487 8
930 505 3
842 484 3
621 268 9
595 434 8
619 491 8
950 793 0
703 440 8
564 455 8
499 132 10
309 175 11
683 106 9
607 97 9
285 159 11
464 96 10
419 177 10
295 13 6
681 139 9
612 103 9
271 422 7
318 462 7
298 226 11
275 161 11
899 504 3
947 488 3
955 527 3
908 525 3
939 492 3
990 485 3
1008 481 3
920 503 3
628 487 8
607 508 8
985 714 0
977 768 0
928 746 0
937 534 3
417 203 10
600 200 9
918 283 2
237 492 7
977 797 0
946 787 0
997 764 0
927 772 0
999 726 0
945 772 0
951 775 0
961 773 0
964 745 0
923 755 0
958 739 0
960 746 0
999 744 0
620 121 9
750 126 9
516 439 8
588 449 8
667 454 8
944 431 3
429 141 10
477 102 10
931 300 2
414 220 10
661 139 9
610 126 9
910 288 2
948 301 2
529 477 8
625 457 8
689 445 8
285 446 7
345 389 7
402 385 7
923 465 3
1002 665 0
587 123 9
461 122 10
284 167 11
454 185 10
463 120 10
512 138 10
427 205 10
225 475 7
311 463 7
223 488 7
295 444 7
341 453 7
403 454 7
358 455 7
307 448 7
600 454 8
669 452 8
629 457 8
891 446 3
928 454 3
605 461 8
658 464 8
215 638 4
412 631 5
310 210 11
336 391 7
406 394 7
573 396 8
609 254 9
974 280 2
471 125 10
239 483 7
258 454 7
233 489 7
267 470 7
435 591 5
437 639 5
797 666 1
772 625 1
1038 748 0
964 710 0
316 379 7
680 129 9
690 125 9
625 121 9
743 148 9
478 258 10
586 441 8
316 79 6
255 65 6
664 183 9
952 319 2
1012 776 0
287 206 11
621 498 8
718 642 1
973 638 0
984 311 2
618 145 9
338 86 6
700 469 8
961 329 2
840 488 3
975 478 3
417 253 10
382 427 7
404 476 7
580 470 8
604 174 9
614 85 9
365 72 6
484 84 10
332 66 6
285 195 11
428 254 10
493 190 10
658 205 9
682 153 9
728 156 9
978 307 2
605 264 9
252 493 7
363 485 7
913 623 0
1004 712 0
436 131 10
347 70 6
747 130 9
278 225 11
373 420 7
619 417 8
540 418 8
361 411 7
303 409 7
346 73 6
495 81 10
627 73 9
362 72 6
644 71 9
360 81 6
322 76 6
281 195 11
302 72 6
348 81 6
282 171 11
311 78 6
301 84 6
341 88 6
354 78 6
622 127 9
611 244 9
571 115 9
702 160 9
586 245 9
938 648 0
998 737 0
451 606 5
432 178 10
441 113 10
724 104 9
431 110 10
470 125 10
480 80 10
437 133 10
353 367 7
396 404 7
287 420 7
1007 350 2
989 262 2
959 283 2
1024 303 2
605 193 9
567 109 9
592 79 9
602 113 9
696 119 9
571 107 9
708 114 9
606 90 9
575 115 9
692 135 9
613 102 9
618 38 9
613 52 9
308 35 6
258 45 6
632 38 9
614 80 9
610 51 9
305 220 11
774 612 1
750 646 1
302 187 11
323 477 7
555 447 8
428 610 5
220 602 4
191 661 4
1005 783 0
963 768 0
1020 761 0
1030 795 0
1001 298 2
992 785 0
1000 284 2
963 310 2
336 77 6
444 645 5
978 726 0
642 486 8
980 476 3
343 391 7
402 386 7
328 393 7
374 395 7
411 400 7
376 402 7
418 389 7
594 385 8
554 387 8
560 390 8
619 394 8
386 390 7
- - - - -