692 347 2
923 252 4
923 606 3
717 377 2
361 599 1
541 141 2
904 66 5
673 322 2
640 210 2
529 596 6
345 559 0
574 359 2
641 351 2
746 342 2
669 348 2
764 378 2
701 376 2
767 398 2
694 388 2
762 375 2
701 383 2
776 402 2
771 377 2
668 376 2
708 613 7
937 629 3
914 677 3
718 673 7
508 659 6
544 606 6
489 641 6
528 581 6
506 717 6
651 208 2
707 139 2
419 127 2
521 62 2
701 224 2
658 265 2
934 250 4
722 154 2
391 117 2
690 335 2
545 592 6
634 374 2
541 571 6
509 698 6
534 619 6
536 584 6
359 590 1
510 690 6
503 680 6
542 669 6
498 668 6
540 655 6
487 639 6
538 672 6
525 733 6
496 706 6
519 613 6
740 382 2
624 215 2
670 232 2
666 342 2
346 574 1
738 620 7
933 634 3
599 276 2
355 231 2
646 289 2
696 335 2
553 124 2
342 116 2
989 115 4
648 332 2
758 361 2
659 352 2
656 238 2
946 181 4
509 106 2
653 133 2
668 341 2
643 381 2
551 367 2
704 327 2
675 393 2
626 405 2
623 368 2
540 356 2
662 361 2
576 138 2
754 128 2
650 374 2
698 419 2
628 400 2
691 385 2
702 347 2
660 382 2
287 518 0
254 481 0
300 665 1
371 681 1
904 207 4
906 266 4
616 245 2
312 237 2
657 148 2
971 153 4
363 630 1
319 694 1
372 658 1
317 690 1
348 671 1
354 581 1
327 691 1
529 632 6
507 676 6
704 622 7
276 490 0
890 667 3
342 621 1
319 664 1
267 467 0
330 473 0
299 657 1
333 704 1
355 665 1
296 741 1
528 700 6
358 742 1
356 572 1
572 247 2
572 136 2
904 136 4
453 77 2
350 582 1
668 354 2
381 659 1
333 678 1
318 739 1
363 698 1
329 740 1
367 722 1
292 732 1
334 748 1
388 732 1
508 679 6
629 383 2
672 380 2
706 391 2
741 396 2
652 492 2
664 422 2
690 384 2
649 325 2
669 265 2
548 131 2
341 95 2
276 32 2
921 50 5
732 402 2
364 665 1
418 692 1
733 385 2
778 389 2
756 409 2
751 445 2
716 439 2
769 420 2
742 407 2
545 736 6
319 692 1
515 630 6
509 703 6
783 694 7
929 684 3
898 742 3
516 616 6
337 609 1
310 514 0
326 707 1
378 699 1
518 683 6
763 694 7
708 707 7
972 710 3
908 703 3
716 699 7
506 680 6
345 515 0
295 522 0
558 712 6
891 691 3
518 676 6
336 689 1
297 696 1
509 674 6
419 691 1
545 620 6
668 645 7
570 677 6
712 700 7
932 280 4
749 651 7
682 690 7
644 201 2
940 269 4
668 259 2
740 384 2
920 284 4
691 275 2
692 364 2
673 401 2
758 677 7
697 679 7
536 660 6
404 673 1
523 668 6
503 708 6
538 700 6
568 720 6
509 748 6
560 748 6
505 767 6
506 678 6
521 642 6
535 661 6
513 782 6
550 754 6
501 672 6
540 662 6
493 688 6
540 725 6
507 744 6
568 711 6
519 739 6
548 747 6
503 744 6
538 731 6
523 657 6
561 664 6
521 659 6
302 464 0
525 722 6
434 641 1
513 664 6
550 633 6
882 102 5
997 138 4
528 651 6
932 63 5
887 637 3
681 359 2
924 274 4
938 197 4
910 684 3
983 691 3
923 713 3
895 740 3
463 113 2
442 62 2
338 280 2
250 37 2
647 373 2
676 406 2
662 254 2
641 186 2
977 133 4
690 149 2
504 123 2
408 119 2
707 151 2
963 161 4
563 388 2
655 344 2
479 121 2
447 102 2
379 253 2
255 38 2
730 670 7
524 691 6
762 413 2
683 418 2
548 716 6
611 667 6
527 689 6
508 727 6
743 689 7
930 697 3
569 746 6
505 758 6
346 654 1
631 354 2
667 380 2
490 133 2
399 107 2
633 107 2
478 660 6
511 715 6
542 630 6
589 694 6
733 712 7
919 722 3
548 731 6
522 772 6
512 663 6
515 713 6
538 673 6
538 713 6
509 745 6
525 623 6
537 587 6
347 624 1
349 674 1
524 644 6
532 707 6
744 687 7
906 692 3
722 723 7
558 777 6
510 754 6
578 750 6
531 777 6
337 485 0
672 381 2
739 358 2
727 143 2
584 97 2
764 137 2
958 138 4
932 202 4
690 205 2
664 258 2
948 292 4
393 276 2
343 274 2
662 352 2
519 109 2
776 131 2
961 138 4
731 136 2
520 145 2
520 772 6
539 732 6
549 716 6
549 671 6
540 607 6
525 721 6
569 712 6
724 714 7
916 709 3
713 689 7
483 647 6
558 689 6
569 400 2
667 360 2
310 467 0
314 505 0
615 283 2
594 347 2
566 148 2
345 115 2
543 119 2
562 256 2
422 137 2
907 110 5
966 238 4
932 261 4
935 87 5
786 139 2
914 82 5
729 305 2
745 399 2
663 390 2
618 362 2
872 644 3
700 614 7
619 361 2
538 366 2
744 361 2
550 372 2
641 364 2
685 369 2
639 394 2
343 631 1
694 373 2
385 48 2
284 124 2
678 443 2
677 397 2
471 651 6
545 609 6
515 675 6
547 678 6
493 677 6
570 656 6
350 683 1
298 688 1
356 690 1
893 696 3
748 651 7
694 679 7
531 635 6
490 688 6
284 504 0
549 605 6
736 626 7
719 690 7
680 703 7
747 706 7
737 617 7
329 220 2
328 632 1
295 677 1
284 473 0
240 485 0
319 480 0
242 483 0
287 679 1
372 693 1
347 690 1
340 596 1
335 709 1
367 693 1
279 728 1
357 685 1
890 694 3
703 286 2
619 196 2
406 192 2
329 246 2
292 122 2
341 224 2
1008 232 4
1047 222 4
981 218 4
1057 206 4
1017 182 4
914 149 4
941 194 4
581 181 2
481 116 2
397 283 2
633 220 2
505 652 6
365 698 1
300 689 1
681 671 7
517 62 2
958 104 5
340 239 2
343 137 2
588 125 2
783 166 2
1002 201 4
670 262 2
695 379 2
656 401 2
723 705 7
911 702 3
508 719 6
324 707 1
419 84 2
958 73 5
919 65 5
462 146 2
344 231 2
620 241 2
667 248 2
934 279 4
662 367 2
664 417 2
624 200 2
406 98 2
917 138 4
335 49 2
246 18 2
280 28 2
315 586 1
326 529 0
480 705 6
547 709 6
332 700 1
678 717 7
735 738 7
679 741 7
336 140 2
306 32 2
488 73 2
892 718 3
704 723 7
655 684 7
515 692 6
341 703 1
527 782 6
921 665 3
889 706 3
510 696 6
544 714 6
497 747 6
556 749 6
505 771 6
548 779 6
339 699 1
456 193 2
479 159 2
334 166 2
729 170 2
1017 188 4
643 155 2
556 75 2
981 124 4
975 47 5
590 767 6
691 696 7
649 320 2
661 377 2
616 229 2
661 228 2
350 243 2
711 248 2
670 250 2
962 271 4
647 137 2
393 172 2
577 165 2
727 170 2
1040 186 4
529 96 2
647 197 2
649 247 2
540 108 2
939 73 5
979 175 4
619 145 2
643 396 2
697 390 2
593 399 2
706 406 2
984 198 4
705 449 2
713 708 7
683 680 7
540 676 6
544 640 6
541 727 6
490 725 6
583 353 2
486 95 2
606 437 2
695 660 7
566 656 6
522 723 6
539 638 6
901 619 3
705 636 7
541 637 6
689 332 2
748 363 2
564 371 2
507 182 2
969 63 5
921 45 5
942 634 3
964 695 3
893 700 3
744 659 7
318 645 1
727 652 7
762 716 7
699 716 7
511 759 6
558 763 6
519 768 6
541 710 6
335 716 1
370 718 1
340 751 1
343 704 1
382 720 1
348 657 1
724 752 7
716 708 7
943 732 3
877 714 3
362 264 2
351 138 2
486 196 2
960 239 4
917 270 4
576 248 2
624 270 2
331 267 2
694 370 2
585 73 2
245 34 2
741 395 2
954 293 4
957 720 3
927 266 4
711 254 2
911 655 3
448 193 2
510 664 6
367 565 1
745 424 2
596 425 2
447 724 6
563 734 6
637 375 2
319 253 2
691 361 2
595 355 2
719 614 7
731 659 7
560 660 6
506 667 6
313 658 1
293 469 0
746 391 2
680 321 2
533 94 2
299 106 2
271 20 2
930 66 5
734 409 2
668 383 2
951 186 4
1050 196 4
547 179 2
730 368 2
364 669 1
315 693 1
727 348 2
664 247 2
991 247 4
919 268 4
610 246 2
535 681 6
493 693 6
558 688 6
488 712 6
540 718 6
493 736 6
345 706 1
330 629 1
324 688 1
287 696 1
390 696 1
351 578 1
278 513 0
724 600 7
722 706 7
917 696 3
875 718 3
331 686 1
296 676 1
351 688 1
287 678 1
338 673 1
391 673 1
544 673 6
496 686 6
564 684 6
310 521 0
278 503 0
939 623 3
844 710 3
912 678 3
718 358 2
665 235 2
635 259 2
958 259 4
996 125 4
562 82 2
420 110 2
416 633 1
322 661 1
709 668 7
757 674 7
951 659 3
899 688 3
965 688 3
709 382 2
371 662 1
301 675 1
352 673 1
562 697 6
512 705 6
512 666 6
570 696 6
518 720 6
479 740 6
542 743 6
587 743 6
496 749 6
587 753 6
488 763 6
560 767 6
302 287 2
579 350 2
662 349 2
378 226 2
362 107 2
426 106 2
285 44 2
241 31 2
282 41 2
382 36 2
514 44 2
751 181 2
993 126 4
459 115 2
333 103 2
496 125 2
649 342 2
687 363 2
651 390 2
642 253 2
611 159 2
490 174 2
431 40 2
369 36 2
474 34 2
914 45 5
929 194 4
930 256 4
946 174 4
997 187 4
1051 195 4
354 171 2
284 180 2
335 246 2
382 238 2
341 273 2
647 259 2
923 271 4
504 624 6
504 670 6
561 659 6
338 670 1
302 667 1
365 665 1
317 717 1
377 724 1
306 741 1
360 737 1
309 757 1
500 712 6
552 724 6
502 727 6
565 754 6
500 756 6
545 763 6
501 768 6
544 768 6
706 682 7
750 687 7
886 704 3
962 708 3
876 723 3
320 672 1
359 674 1
315 669 1
290 484 0
523 583 6
526 671 6
330 666 1
383 662 1
533 662 6
496 665 6
505 701 6
536 660 6
493 649 6
342 650 1
336 580 1
341 721 1
310 698 1
649 445 2
674 371 2
670 255 2
712 149 2
652 161 2
756 362 2
558 593 6
341 640 1
451 113 2
669 305 2
343 187 2
521 82 2
309 28 2
390 158 2
540 738 6
517 669 6
377 140 2
902 140 4
1031 177 4
918 56 5
917 249 4
632 361 2
880 719 3
906 695 3
878 731 3
715 698 7
756 705 7
701 728 7
710 681 7
509 672 6
545 724 6
507 754 6
557 770 6
507 775 6
551 763 6
723 708 7
702 632 7
706 701 7
772 723 7
683 709 7
738 700 7
329 686 1
368 682 1
756 647 7
693 670 7
745 692 7
338 695 1
375 719 1
323 757 1
958 677 3
893 675 3
665 738 7
926 639 3
733 331 2
659 358 2
741 696 7
933 699 3
916 657 3
464 658 6
512 654 6
541 565 6
509 692 6
576 708 6
513 717 6
543 739 6
511 762 6
562 762 6
507 776 6
565 762 6
529 768 6
577 747 6
547 773 6
581 760 6
327 687 1
624 355 2
329 264 2
387 189 2
582 382 2
658 416 2
626 442 2
890 276 4
657 259 2
696 401 2
642 442 2
672 715 7
706 365 2
666 323 2
763 733 7
699 736 7
368 694 1
277 642 1
684 703 7
735 701 7
681 696 7
675 738 7
892 704 3
724 711 7
481 682 6
549 686 6
488 685 6
509 731 6
469 732 6
329 645 1
278 643 1
503 663 6
570 713 6
491 728 6
542 740 6
911 695 3
875 698 3
956 696 3
862 247 4
915 275 4
609 274 2
309 256 2
442 163 2
286 147 2
385 147 2
304 130 2
355 60 2
466 60 2
920 73 5
549 693 6
551 644 6
506 690 6
300 672 1
375 675 1
319 659 1
891 706 3
446 691 6
483 700 6
477 636 6
690 700 7
747 701 7
688 736 7
935 675 3
901 696 3
966 699 3
698 472 2
648 406 2
307 691 1
364 170 2
294 53 2
222 52 2
282 64 2
198 54 2
317 249 2
703 436 2
734 413 2
875 280 4
923 271 4
712 251 2
614 251 2
301 148 2
248 141 2
359 144 2
513 150 2
703 160 2
970 161 4
307 201 2
704 327 2
692 413 2
345 638 1
323 679 1
666 378 2
890 303 4
959 661 3
886 698 3
410 647 1
673 387 2
720 308 2
637 261 2
399 171 2
391 134 2
486 52 2
346 48 2
639 440 2
658 404 2
884 260 4
750 378 2
619 226 2
613 190 2
701 701 7
928 694 3
845 717 3
303 701 1
744 668 7
711 712 7
914 702 3
736 394 2
652 385 2
904 120 5
895 70 5
415 43 2
229 35 2
463 42 2
920 68 5
854 68 5
767 434 2
731 382 2
280 720 1
272 683 1
671 454 2
684 384 2
726 668 7
734 417 2
702 724 7
295 754 1
859 704 3
707 457 2
706 359 2
903 322 4
942 235 4
1015 204 4
945 190 4
897 54 5
466 36 2
226 40 2
712 424 2
714 640 7
737 699 7
923 706 3
660 457 2
755 435 2
948 658 3
895 706 3
865 257 4
913 272 4
595 246 2
338 252 2
616 414 2
686 390 2
311 640 1
695 400 2
660 370 2
702 410 2
724 665 7
705 397 2
713 353 2
663 375 2
317 105 2
398 100 2
446 48 2
881 60 5
649 396 2
386 148 2
562 137 2
275 15 2
601 315 2
658 447 2
336 502 0
600 395 2
348 286 2
306 187 2
416 148 2
665 378 2
648 289 2
644 402 2
583 172 2
661 392 2
602 297 2
658 398 2
453 141 2
323 123 2
651 406 2
684 419 2
587 188 2
563 127 2
376 129 2
629 264 2
916 260 4
634 269 2
324 255 2
357 27 2
467 29 2
485 34 2
683 635 7
687 705 7
378 701 1
320 684 1
696 688 7
731 688 7
892 679 3
545 657 6
497 687 6
554 681 6
494 712 6
531 709 6
309 493 0
514 674 6
314 514 0
255 496 0
301 511 0
348 505 0
622 302 2
964 219 4
709 366 2
517 702 6
729 413 2
747 376 2
656 397 2
539 633 6
496 743 6
729 403 2
962 254 4
714 188 2
643 328 2
300 510 0
354 699 1
633 319 2
656 368 2
685 700 7
337 694 1
376 691 1
673 422 2
281 502 0
671 400 2
915 252 4
460 178 2
611 370 2
674 386 2
501 600 6
700 607 7
608 255 2
376 132 2
295 133 2
626 144 2
432 72 2
769 395 2
488 55 2
431 59 2
288 50 2
224 54 2
291 147 2
649 243 2
592 266 2
886 275 4
736 408 2
640 404 2
386 115 2
275 141 2
431 102 2
401 63 2
324 51 2
287 254 2
368 258 2
258 151 2
546 158 2
436 102 2
301 49 2
215 49 2
333 50 2
447 50 2
217 46 2
897 48 5
466 181 2
303 148 2
396 130 2
580 128 2
983 137 4
942 138 4
289 199 2
260 162 2
297 146 2
372 139 2
420 133 2
530 138 2
667 139 2
772 139 2
951 144 4
1006 137 4
939 176 4
972 140 4
312 179 2
255 191 2
277 258 2
337 253 2
287 258 2
342 247 2
275 281 2
325 290 2
297 512 0
578 593 6
729 684 7
688 684 7
727 680 7
762 684 7
884 687 3
493 685 6
544 684 6
337 694 1
298 696 1
548 688 6
886 685 3
358 697 1
315 685 1
374 684 1
291 690 1
370 690 1
792 666 7
896 685 3
966 690 3
933 605 3
666 433 2
640 396 2
736 388 2
591 340 2
756 417 2
579 422 2
645 393 2
444 146 2
311 132 2
409 78 2
249 54 2
919 61 5
529 84 2
674 388 2
742 420 2
586 634 6
613 373 2
644 246 2
696 390 2
652 417 2
659 403 2
571 391 2
392 252 2
320 127 2
643 446 2
583 613 6
510 670 6
563 671 6
691 681 7
895 679 3
910 689 3
960 680 3
921 627 3
893 676 3
942 679 3
895 682 3
317 650 1
362 636 1
315 662 1
328 651 1
393 652 1
540 168 2
457 33 2
701 382 2
478 89 2
358 74 2
444 62 2
354 61 2
460 58 2
348 56 2
524 70 2
467 63 2
409 95 2
464 110 2
465 166 2
595 145 2
637 150 2
606 239 2
636 236 2
676 232 2
530 145 2
523 713 6
385 613 1
547 597 6
512 664 6
548 192 2
625 242 2
756 411 2
681 380 2
567 433 2
557 650 6
500 679 6
632 327 2
662 245 2
593 261 2
583 355 2
904 219 4
901 255 4
919 153 4
933 40 5
881 37 5
755 353 2
697 393 2
512 674 6
498 710 6
551 715 6
483 751 6
523 642 6
530 720 6
565 721 6
376 610 1
324 578 1
537 718 6
486 733 6
528 724 6
489 748 6
513 653 6
708 653 7
681 711 7
888 676 3
730 707 7
484 665 6
337 661 1
304 703 1
362 712 1
297 709 1
337 703 1
383 712 1
340 700 1
351 765 1
264 533 0
507 700 6
495 752 6
531 742 6
488 753 6
560 753 6
574 743 6
482 759 6
528 775 6
557 766 6
464 749 6
533 609 6
506 699 6
553 709 6
562 699 6
486 727 6
525 732 6
329 119 2
533 157 2
427 147 2
270 137 2
650 384 2
578 411 2
673 404 2
648 291 2
631 259 2
544 149 2
322 149 2
620 296 2
659 403 2
585 272 2
628 291 2
702 641 7
520 583 6
571 639 6
481 677 6
335 605 1
391 628 1
400 594 1
704 659 7
723 622 7
750 683 7
740 628 7
763 683 7
708 681 7
760 681 7
719 685 7
740 605 7
714 652 7
703 673 7
906 693 3
906 625 3
876 684 3
912 602 3
735 631 7
753 671 7
707 681 7
772 706 7
710 687 7
740 720 7
688 711 7
740 732 7
341 549 0
663 686 7
301 458 0
285 499 0
741 410 2
640 387 2
711 678 7
695 477 2
779 412 2
658 446 2
526 655 6
504 695 6
583 663 6
594 646 6
537 631 6
563 584 6
581 631 6
529 627 6
529 586 6
550 629 6
547 657 6
575 640 6
566 773 6
688 196 2
947 259 4
1011 222 4
968 223 4
1049 213 4
612 415 2
446 100 2
312 125 2
445 144 2
360 157 2
657 414 2
700 413 2
671 408 2
892 317 4
696 395 2
752 421 2
674 429 2
638 425 2
910 648 3
714 634 7
644 442 2
332 556 0
367 618 1
552 637 6
548 691 6
502 694 6
942 264 4
902 271 4
616 297 2
314 300 2
301 171 2
448 151 2
403 152 2
561 162 2
742 148 2
947 140 4
1008 145 4
967 187 4
514 158 2
360 148 2
315 151 2
423 154 2
562 156 2
713 152 2
804 168 2
982 157 4
684 341 2
749 409 2
904 300 4
760 395 2
912 284 4
721 350 2
353 280 2
313 308 2
472 56 2
943 50 5
713 717 7
331 677 1
296 689 1
302 513 0
334 310 2
289 221 2
987 200 4
1061 199 4
682 402 2
387 242 2
335 235 2
291 114 2
280 65 2
736 669 7
908 694 3
955 627 3
364 606 1
321 679 1
286 509 0
249 511 0
327 501 0
691 417 2
644 400 2
633 289 2
554 400 2
702 404 2
656 420 2
620 375 2
705 404 2
751 435 2
760 401 2
760 439 2
332 295 2
380 297 2
683 309 2
950 301 4
311 314 2
624 284 2
387 296 2
365 253 2
302 227 2
378 226 2
567 235 2
952 236 4
1021 232 4
698 235 2
543 329 2
636 167 2
407 142 2
346 147 2
347 514 0
577 399 2
660 370 2
748 628 7
716 370 2
545 177 2
318 106 2
268 28 2
227 30 2
929 47 5
911 63 5
874 101 5
717 429 2
870 101 5
908 68 5
737 386 2
667 425 2
702 414 2
637 416 2
677 426 2
645 441 2
363 677 1
300 693 1
339 685 1
921 697 3
935 636 3
269 493 0
905 638 3
353 531 0
378 605 1
891 264 4
974 180 4
519 141 2
364 136 2
307 147 2
319 508 0
259 496 0
336 563 0
359 668 1
309 686 1
901 704 3
280 96 2
229 32 2
932 38 5
889 53 5
468 77 2
618 327 2
679 393 2
596 337 2
643 354 2
660 276 2
602 287 2
342 266 2
935 267 4
895 288 4
942 287 4
907 255 4
968 254 4
912 299 4
974 209 4
593 183 2
995 190 4
568 173 2
981 192 4
1026 204 4
983 162 4
935 193 4
661 204 2
299 189 2
368 202 2
687 243 2
944 229 4
957 217 4
1003 198 4
610 195 2
371 197 2
331 203 2
714 339 2
903 294 4
546 371 2
660 378 2
328 262 2
324 141 2
223 23 2
580 348 2
705 280 2
510 142 2
232 36 2
415 217 2
327 265 2
657 397 2
412 45 2
922 25 5
417 696 1
383 678 1
334 653 1
735 704 7
888 679 3
526 669 6
478 680 6
538 689 6
298 684 1
354 675 1
337 614 1
527 670 6
481 673 6
537 677 6
476 678 6
490 614 6
555 625 6
555 666 6
551 681 6
476 700 6
526 709 6
472 728 6
520 715 6
665 408 2
542 645 6
663 392 2
319 283 2
353 255 2
328 271 2
294 311 2
310 292 2
361 264 2
630 269 2
650 281 2
941 263 4
333 272 2
344 275 2
663 403 2
914 265 4
977 169 4
961 193 4
987 186 4
596 373 2
333 64 2
335 102 2
627 364 2
665 375 2
547 192 2
636 263 2
345 115 2
303 99 2
667 679 7
307 684 1
278 92 2
338 235 2
374 250 2
645 245 2
644 376 2
722 630 7
721 688 7
578 290 2
660 254 2
629 288 2
672 253 2
334 258 2
284 44 2
389 80 2
428 82 2
566 82 2
895 91 5
352 103 2
432 94 2
563 80 2
589 79 2
867 81 5
984 165 4
385 173 2
289 177 2
325 241 2
957 135 4
1030 187 4
384 178 2
281 175 2
312 254 2
367 265 2
266 201 2
400 252 2
380 219 2
588 337 2
688 365 2
634 269 2
686 265 2
942 240 4
1001 225 4
915 298 4
637 276 2
293 253 2
353 261 2
645 391 2
770 631 7
547 656 6
295 670 1
269 516 0
324 512 0
564 652 6
917 688 3
689 634 7
402 687 1
299 15 2
312 126 2
264 62 2
925 163 4
377 636 1
306 687 1
394 671 1
521 667 6
578 670 6
698 682 7
748 681 7
554 678 6
506 680 6
564 676 6
714 678 7
749 680 7
753 616 7
731 696 7
774 690 7
708 716 7
753 711 7
915 622 3
941 679 3
926 612 3
718 675 7
762 690 7
612 442 2
534 119 2
281 115 2
708 180 2
966 137 4
302 26 2
672 442 2
306 651 1
246 525 0
378 51 2
215 25 2
721 458 2
629 410 2
530 606 6
667 433 2
666 700 7
921 634 3
625 405 2
678 436 2
553 425 2
986 268 4
936 51 5
929 295 4
758 373 2
583 279 2
634 315 2
303 255 2
280 99 2
572 145 2
246 47 2
938 37 5
637 442 2
455 673 6
531 661 6
920 633 3
777 709 7
689 683 7
738 638 7
920 631 3
988 205 4
612 386 2
674 424 2
614 442 2
915 300 4
685 447 2
616 423 2
478 712 6
713 713 7
663 716 7
266 707 1
347 711 1
331 707 1
270 713 1
469 701 6
612 295 2
284 264 2
638 443 2
376 92 2
610 456 2
634 365 2
590 107 2
619 346 2
757 649 7
719 644 7
540 631 6
747 382 2
665 378 2
687 188 2
957 210 4
603 237 2
351 155 2
698 358 2
652 706 7
690 706 7
735 703 7
686 705 7
724 707 7
722 646 7
536 667 6
768 694 7
516 700 6
558 703 6
331 683 1
900 679 3
935 251 4
966 186 4
1044 183 4
991 192 4
559 211 2
626 275 2
639 138 2
482 133 2
325 125 2
475 137 2
935 125 4
366 551 1
310 504 0
946 726 3
901 703 3
965 692 3
883 695 3
299 677 1
349 674 1
334 634 1
904 690 3
968 688 3
303 681 1
360 682 1
306 680 1
537 702 6
490 702 6
321 679 1
278 683 1
324 685 1
337 628 1
737 646 7
573 786 6
305 707 1
582 371 2
622 279 2
346 113 2
316 43 2
627 140 2
332 209 2
624 266 2
596 702 6
663 332 2
282 261 2
681 385 2
301 496 0
249 495 0
769 380 2
720 733 7
344 679 1
282 676 1
252 666 1
303 684 1
283 653 1
287 688 1
280 688 1
320 686 1
375 696 1
319 640 1
375 689 1
325 652 1
581 460 2
617 264 2
339 178 2
586 250 2
617 360 2
632 410 2
471 36 2
313 102 2
361 177 2
224 71 2
731 351 2
731 432 2
653 444 2
621 324 2
510 649 6
704 417 2
760 647 7
723 655 7
720 700 7
674 716 7
897 696 3
947 267 4
948 104 5
916 81 5
881 84 5
349 80 2
212 70 2
309 732 1
300 736 1
284 665 1
362 724 1
487 716 6
603 424 2
660 423 2
627 313 2
278 297 2
299 221 2
282 522 0
479 725 6
546 717 6
697 717 7
741 709 7
904 698 3
947 697 3
503 741 6
533 675 6
481 718 6
547 726 6
294 638 1
261 673 1
304 215 2
352 78 2
435 83 2
555 209 2
678 312 2
545 193 2
670 294 2
726 410 2
502 773 6
482 742 6
546 722 6
377 719 1
284 688 1
258 520 0
318 600 1
324 678 1
280 696 1
312 526 0
283 714 1
366 748 1
378 699 1
452 732 6
536 731 6
477 759 6
688 665 7
688 719 7
742 715 7
899 698 3
518 714 6
665 376 2
603 351 2
383 235 2
345 237 2
618 252 2
931 239 4
737 375 2
677 367 2
716 363 2
677 368 2
694 356 2
525 570 6
524 632 6
762 403 2
263 17 2
299 59 2
239 12 2
378 620 1
359 699 1
325 682 1
548 625 6
537 611 6
540 650 6
640 702 7
759 642 7
708 700 7
758 621 7
931 605 3
912 703 3
973 697 3
936 615 3
685 651 7
548 386 2
353 227 2
280 139 2
399 136 2
651 414 2
709 394 2
551 615 6
625 291 2
548 154 2
933 682 3
890 649 3
680 402 2
919 280 4
871 270 4
920 277 4
988 188 4
291 190 2
393 184 2
479 179 2
573 186 2
714 182 2
353 716 1
327 686 1
370 675 1
408 672 1
563 674 6
520 672 6
596 679 6
743 666 7
696 692 7
523 673 6
579 672 6
719 692 7
711 721 7
767 689 7
931 700 3
889 701 3
968 711 3
921 614 3
576 654 6
532 662 6
573 670 6
525 700 6
592 685 6
522 711 6
556 619 6
746 393 2
663 398 2
275 521 0
326 678 1
559 212 2
632 247 2
578 147 2
651 208 2
652 258 2
615 291 2
330 258 2
303 298 2
364 284 2
312 299 2
623 254 2
664 242 2
614 292 2
673 292 2
619 227 2
738 700 7
798 705 3
961 697 3
881 707 3
671 302 2
602 268 2
646 256 2
599 285 2
657 294 2
888 734 3
718 694 7
769 712 7
316 171 2
429 95 2
631 405 2
315 576 1
268 496 0
339 207 2
276 114 2
224 48 2
322 64 2
575 240 2
599 285 2
609 400 2
613 446 2
318 183 2
282 138 2
354 158 2
543 164 2
332 151 2
275 123 2
388 140 2
535 158 2
670 158 2
771 164 2
729 177 2
765 171 2
954 160 4
913 217 4
962 170 4
314 51 2
222 25 2
889 74 5
970 50 5
350 59 2
326 16 2
208 55 2
241 107 2
291 266 2
290 227 2
760 659 7
717 684 7
680 700 7
880 682 3
245 483 0
295 500 0
301 261 2
304 282 2
341 299 2
305 283 2
347 307 2
595 286 2
635 275 2
605 297 2
873 275 4
927 263 4
878 292 4
945 302 4
662 199 2
533 210 2
279 201 2
998 202 4
947 222 4
1012 212 4
929 211 4
999 210 4
1039 226 4
965 211 4
1023 226 4
696 222 2
425 642 1
304 132 2
374 130 2
621 389 2
288 56 2
222 58 2
324 157 2
720 386 2
634 396 2
606 195 2
643 310 2
645 407 2
685 634 7
505 666 6
492 712 6
541 721 6
516 623 6
336 662 1
309 717 1
496 709 6
544 710 6
882 694 3
684 705 7
312 709 1
374 704 1
561 93 2
549 130 2
305 131 2
356 138 2
577 132 2
705 128 2
978 110 4
353 55 2
235 47 2
914 41 5
894 35 5
900 39 5
316 91 2
883 40 5
926 45 5
323 254 2
650 264 2
957 261 4
903 280 4
493 197 2
916 261 4
954 251 4
883 295 4
938 287 4
877 258 4
617 282 2
317 273 2
639 265 2
373 622 1
632 380 2
628 281 2
313 255 2
627 273 2
672 386 2
917 270 4
341 265 2
327 701 1
304 729 1
332 706 1
766 316 2
911 264 4
324 273 2
338 627 1
322 705 1
370 273 2
615 281 2
678 378 2
645 408 2
334 477 0
539 644 6
306 643 1
300 679 1
652 417 2
629 388 2
707 660 7
695 701 7
380 695 1
312 696 1
875 701 3
919 695 3
698 440 2
661 393 2
547 629 6
733 624 7
914 614 3
725 625 7
638 473 2
669 401 2
628 253 2
541 132 2
549 606 6
541 222 2
535 151 2
525 623 6
532 680 6
473 712 6
546 713 6
320 532 0
273 506 0
351 528 0
502 708 6
544 711 6
485 708 6
546 708 6
480 715 6
558 713 6
538 636 6
345 617 1
525 634 6
561 626 6
721 627 7
507 636 6
347 619 1
535 708 6
484 716 6
546 720 6
544 613 6
538 680 6
481 716 6
555 704 6
502 710 6
625 462 2
732 128 2
530 129 2
546 617 6
511 635 6
347 642 1
312 728 1
390 712 1
663 675 7
421 131 2
320 85 2
352 303 2
312 272 2
598 126 2
549 138 2
710 447 2
598 637 6
728 631 7
923 618 3
520 629 6
356 609 1
543 665 6
517 728 6
523 631 6
521 632 6
507 696 6
529 640 6
540 612 6
528 659 6
654 326 2
658 373 2
642 408 2
633 268 2
623 232 2
635 193 2
381 104 2
879 100 5
967 156 4
943 209 4
1001 198 4
638 219 2
677 720 7
728 704 7
706 635 7
883 622 3
302 493 0
701 717 7
742 699 7
722 472 2
741 361 2
675 370 2
651 422 2
590 297 2
662 380 2
652 416 2
699 380 2
651 392 2
692 383 2
635 379 2
501 625 6
290 712 1
325 715 1
359 730 1
380 698 1
672 424 2
299 469 0
264 481 0
317 260 2
250 501 0
319 494 0
306 240 2
291 172 2
369 153 2
276 190 2
301 117 2
635 348 2
644 385 2
547 666 6
336 492 0
637 333 2
621 297 2
554 155 2
298 140 2
901 93 5
751 167 2
592 175 2
655 333 2
973 666 3
308 606 1
536 592 6
873 664 3
915 635 3
278 475 0
309 214 2
270 207 2
236 86 2
347 79 2
889 79 5
925 75 5
598 270 2
548 213 2
357 218 2
308 267 2
286 504 0
608 405 2
389 580 1
317 634 1
932 71 5
248 93 2
359 680 1
659 442 2
634 402 2
753 615 7
671 331 2
636 373 2
579 286 2
354 257 2
584 234 2
592 176 2
962 189 4
1017 200 4
750 358 2
676 398 2
633 419 2
680 414 2
339 590 1
332 652 1
662 426 2
771 409 2
646 394 2
658 359 2
620 243 2
521 159 2
449 167 2
365 154 2
717 166 2
865 98 5
982 193 4
1023 197 4
658 158 2
361 94 2
249 91 2
338 85 2
507 101 2
742 414 2
659 412 2
739 417 2
628 313 2
321 282 2
682 331 2
618 292 2
414 201 2
537 182 2
308 170 2
237 112 2
375 140 2
617 158 2
554 159 2
788 169 2
745 373 2
382 683 1
588 373 2
652 368 2
626 413 2
592 393 2
642 384 2
543 605 6
626 495 2
607 433 2
594 307 2
651 186 2
617 107 2
566 100 2
629 230 2
593 438 2
550 646 6
504 709 6
490 652 6
545 689 6
556 728 6
660 695 7
670 733 7
863 708 3
545 725 6
491 714 6
518 653 6
411 633 1
494 670 6
488 705 6
521 671 6
528 588 6
524 656 6
545 588 6
553 609 6
920 214 4
947 116 5
931 73 5
884 80 5
902 280 4
584 392 2
604 289 2
303 274 2
600 290 2
618 421 2
647 391 2
893 682 3
913 647 3
874 698 3
950 691 3
749 676 7
889 78 5
261 59 2
213 63 2
254 67 2
938 70 5
883 74 5
626 258 2
620 293 2
566 202 2
489 182 2
307 171 2
615 265 2
601 301 2
337 293 2
304 279 2
299 302 2
353 281 2
621 262 2
603 298 2
677 278 2
608 292 2
336 275 2
331 287 2
342 582 1
311 694 1
297 629 1
364 629 1
533 594 6
517 620 6
597 640 6
661 341 2
628 406 2
676 668 7
732 720 7
927 690 3
803 173 2
602 172 2
633 340 2
644 384 2
938 227 4
607 364 2
630 400 2
616 240 2
642 269 2
616 204 2
660 230 2
899 261 4
930 51 5
860 106 5
963 65 5
899 643 3
883 734 3
1025 207 4
664 311 2
251 152 2
230 100 2
347 98 2
648 366 2
637 403 2
863 267 4
915 176 4
924 216 4
910 270 4
616 264 2
894 92 5
947 114 5
635 313 2
621 367 2
591 397 2
639 409 2
1009 200 4
975 248 4
619 171 2
450 116 2
894 270 4
883 629 3
713 697 7
501 708 6
656 331 2
888 51 5
583 371 2
623 394 2
681 620 7
705 676 7
699 713 7
327 471 0
259 473 0
914 714 3
915 667 3
889 709 3
528 698 6
487 699 6
689 639 7
454 690 6
306 617 1
303 111 2
525 110 2
580 228 2
632 270 2
342 259 2
304 506 0
451 677 6
772 696 7
738 428 2
509 79 2
604 178 2
689 322 2
641 383 2
571 353 2
643 387 2
697 422 2
645 372 2
548 362 2
363 577 1
640 404 2
583 84 2
365 34 2
494 38 2
889 50 5
955 193 4
1009 179 4
955 178 4
294 179 2
325 243 2
633 257 2
932 254 4
897 278 4
675 640 7
695 689 7
755 686 7
700 688 7
900 688 3
955 690 3
515 674 6
567 672 6
354 653 1
321 667 1
517 684 6
331 661 1
385 658 1
689 695 7
638 404 2
897 77 5
910 33 5
883 40 5
747 349 2
761 429 2
690 404 2
450 177 2
631 257 2
280 493 0
635 358 2
668 365 2
549 430 2
680 375 2
623 167 2
342 152 2
656 362 2
692 385 2
755 187 2
930 132 4
921 78 5
701 329 2
735 397 2
772 442 2
560 579 6
315 527 0
374 648 1
683 701 7
697 361 2
674 268 2
489 138 2
333 142 2
442 78 2
1016 229 4
340 157 2
282 158 2
538 162 2
690 150 2
781 155 2
1014 149 4
959 157 4
290 207 2
296 54 2
220 58 2
324 151 2
308 259 2
664 314 2
726 402 2
944 622 3
947 692 3
717 685 7
588 658 6
400 136 2
250 66 2
266 84 2
392 69 2
343 73 2
937 78 5
261 115 2
321 212 2
919 83 5
658 315 2
388 631 1
294 536 0
361 678 1
303 690 1
456 717 6
758 679 7
748 623 7
727 418 2
738 661 7
954 694 3
910 694 3
341 683 1
281 671 1
358 681 1
309 667 1
356 673 1
360 670 1
283 683 1
297 574 1
271 519 0
322 606 1
371 647 1
341 669 1
318 703 1
270 705 1
315 727 1
369 717 1
291 735 1
380 731 1
723 653 7
735 409 2
640 297 2
353 283 2
362 619 1
367 671 1
556 671 6
499 667 6
565 667 6
506 685 6
430 190 2
620 305 2
642 408 2
470 688 6
684 352 2
674 234 2
679 379 2
716 420 2
675 392 2
635 412 2
695 435 2
636 458 2
364 195 2
627 402 2
351 217 2
261 186 2
315 185 2
417 176 2
535 183 2
1014 178 4
257 171 2
310 188 2
409 186 2
543 184 2
721 185 2
801 185 2
1026 188 4
1012 179 4
1048 194 4
720 607 7
735 708 7
937 684 3
939 640 3
611 173 2
335 651 1
323 592 1
450 162 2
401 84 2
951 176 4
1000 217 4
979 262 4
664 383 2
327 151 2
279 251 2
742 359 2
636 352 2
654 429 2
643 328 2
628 407 2
285 261 2
727 310 2
710 407 2
692 367 2
631 381 2
604 407 2
545 166 2
308 268 2
285 254 2
627 281 2
992 262 4
1018 207 4
1025 171 4
622 281 2
596 429 2
552 607 6
380 628 1
600 321 2
918 256 4
505 75 2
457 86 2
917 101 5
994 108 4
412 90 2
314 90 2
366 95 2
475 81 2
651 281 2
942 270 4
1004 233 4
737 367 2
773 374 2
714 262 2
639 244 2
498 173 2
328 160 2
453 161 2
725 235 2
340 551 0
568 579 6
736 410 2
575 298 2
412 195 2
677 136 2
615 489 2
749 367 2
961 271 4
572 373 2
682 343 2
478 119 2
325 89 2
379 86 2
301 86 2
350 82 2
891 98 5
936 94 5
477 73 2
917 88 5
904 91 5
769 129 2
905 82 5
486 73 2
290 87 2
245 86 2
454 86 2
380 87 2
888 94 5
949 644 3
916 704 3
- - - - -