669 189 1
487 164 1
473 182 1
264 142 0
643 200 1
686 205 1
502 768 3
406 607 6
486 183 1
265 132 0
868 520 2
371 579 6
481 177 1
207 160 0
892 219 2
938 251 2
843 611 2
840 512 2
535 706 3
488 246 1
537 189 1
597 160 1
374 600 6
300 598 6
513 795 3
845 885 2
815 849 2
842 577 2
893 251 2
881 176 2
827 318 2
935 311 2
976 323 2
793 691 2
824 805 2
799 778 2
814 617 2
839 559 2
625 547 4
435 755 3
182 705 6
480 680 3
855 883 2
914 839 2
820 830 2
504 802 3
225 695 6
251 509 6
535 451 4
293 479 6
217 601 6
174 583 6
293 576 6
252 570 6
311 490 6
279 547 6
323 490 6
290 574 6
323 491 6
557 297 1
829 567 2
586 445 4
541 284 1
300 504 6
215 590 6
301 491 6
339 479 6
487 228 1
873 216 2
903 588 2
845 590 2
555 790 3
301 550 6
311 499 6
838 226 2
558 231 1
314 488 6
263 509 6
298 504 6
191 602 6
664 203 1
355 154 0
202 132 0
619 189 1
345 155 0
246 153 0
209 165 0
349 148 0
494 162 1
235 155 0
282 175 0
200 151 0
724 167 1
177 144 0
293 169 0
212 191 0
663 195 1
255 168 0
687 219 1
505 205 1
839 305 2
213 186 0
295 170 0
236 234 0
294 202 0
509 217 1
565 196 1
225 164 0
587 164 1
215 160 0
654 161 1
247 208 0
687 138 1
852 139 2
912 280 2
838 292 2
938 304 2
859 330 2
942 336 2
881 199 2
853 314 2
904 578 2
880 546 2
837 468 2
964 473 2
861 693 2
807 724 2
892 222 2
494 189 1
558 195 1
437 187 1
190 142 0
246 142 0
193 171 0
283 525 6
166 642 6
284 608 6
198 583 6
356 584 6
204 592 6
320 597 6
392 594 6
358 582 6
606 219 1
320 577 6
488 196 1
436 185 1
214 106 0
193 145 0
620 201 1
518 489 4
322 597 6
188 591 6
226 587 6
524 435 4
539 187 1
231 108 0
521 207 1
304 512 6
228 616 6
586 267 1
604 206 1
213 138 0
436 246 1
321 547 6
496 199 1
226 134 0
534 225 1
297 557 6
357 534 6
212 610 6
300 599 6
215 601 6
322 596 6
245 600 6
389 579 6
610 442 4
901 550 2
544 186 1
658 206 1
912 553 2
877 462 2
242 188 0
179 110 0
615 398 4
604 225 1
887 269 2
755 325 2
820 337 2
481 690 3
827 368 2
847 327 2
607 556 4
922 754 2
919 826 2
840 825 2
852 598 2
942 534 2
909 248 2
639 205 1
280 172 0
590 181 1
835 291 2
336 493 6
227 424 5
614 451 4
870 478 2
852 647 2
425 562 4
571 502 4
499 517 4
552 520 4
241 582 6
198 408 5
587 473 4
249 612 6
196 594 6
353 606 6
240 573 6
513 530 4
508 553 4
642 477 4
329 573 6
188 597 6
312 574 6
336 496 6
497 494 4
243 525 6
533 748 3
863 317 2
948 326 2
885 574 2
893 492 2
891 734 2
963 862 2
849 867 2
818 665 2
817 569 2
880 552 2
837 702 2
828 607 2
797 558 2
865 730 2
808 740 2
612 418 4
796 504 2
477 279 1
209 105 0
619 236 1
546 282 1
655 131 1
429 210 1
135 182 0
441 143 1
165 181 0
514 688 3
678 212 1
507 213 1
693 195 1
866 347 2
694 179 1
602 180 1
519 190 1
686 207 1
588 461 4
533 508 4
658 197 1
914 350 2
872 320 2
968 324 2
942 201 2
977 316 2
872 346 2
1000 355 2
857 103 2
910 227 2
612 211 1
917 289 2
880 317 2
968 330 2
891 112 2
231 5 0
861 218 2
975 251 2
1014 261 2
902 345 2
855 327 2
916 187 2
906 288 2
856 327 2
965 324 2
872 196 2
978 269 2
853 348 2
948 343 2
831 349 2
922 351 2
830 375 2
898 416 2
913 464 2
857 494 2
864 626 2
846 560 2
857 765 2
857 850 2
874 897 2
983 880 2
537 702 3
576 770 3
223 719 6
230 542 6
193 571 6
345 572 6
332 494 6
521 498 4
567 481 4
497 503 4
424 187 1
230 124 0
217 179 0
578 234 1
588 271 1
472 276 1
514 746 3
248 645 6
174 703 6
590 524 4
513 501 4
860 540 2
872 471 2
858 556 2
879 689 2
844 731 2
897 749 2
832 768 2
907 777 2
857 556 2
535 500 4
541 439 4
601 194 1
511 663 3
870 415 2
845 301 2
943 270 2
596 790 3
876 907 2
877 828 2
830 815 2
882 529 2
886 390 2
879 170 2
874 104 2
324 453 6
263 568 6
286 118 0
224 143 0
907 368 2
842 371 2
875 775 2
852 850 2
886 315 2
847 368 2
588 345 1
497 200 1
282 167 0
230 168 0
212 136 0
487 183 1
235 179 0
267 208 0
283 480 6
348 578 6
246 640 6
346 644 6
585 542 4
532 564 4
229 625 6
409 234 1
519 187 1
252 153 0
288 126 0
642 536 4
518 544 4
600 220 1
503 167 1
271 167 0
231 152 0
577 225 1
257 184 0
207 209 0
278 230 0
599 247 1
859 567 2
598 237 1
508 239 1
211 197 0
250 217 0
222 156 0
264 214 0
212 221 0
272 213 0
439 195 1
307 186 0
218 179 0
521 261 1
203 182 0
242 209 0
909 276 2
889 134 2
879 338 2
860 742 2
852 359 2
903 319 2
944 353 2
879 346 2
838 362 2
567 547 4
504 526 4
244 604 6
363 630 6
839 760 2
922 916 2
895 867 2
829 860 2
944 903 2
819 926 2
950 878 2
987 889 2
841 911 2
980 914 2
838 923 2
943 921 2
536 422 4
473 167 1
252 150 0
872 846 2
867 541 2
365 504 6
875 562 2
833 244 2
693 145 1
830 582 2
909 510 2
894 253 2
1000 257 2
869 161 2
530 182 1
246 166 0
764 510 2
835 597 2
484 536 4
248 533 6
702 255 1
689 174 1
955 286 2
901 140 2
826 134 2
876 143 2
953 400 2
533 671 3
190 728 6
491 710 3
183 734 6
783 842 2
200 708 6
757 338 2
886 341 2
928 619 2
839 605 2
828 527 2
575 478 4
509 556 4
948 539 2
904 174 2
1001 239 2
829 116 2
840 63 2
932 816 2
895 890 2
821 911 2
807 392 2
852 401 2
929 412 2
500 532 4
491 470 4
636 217 1
967 261 2
957 341 2
844 358 2
421 529 4
528 510 4
554 444 4
499 504 4
218 587 6
600 571 4
657 551 4
645 475 4
513 474 4
641 449 4
573 225 1
332 512 6
594 523 4
689 552 4
488 494 4
248 613 6
325 618 6
223 238 0
254 159 0
202 168 0
870 458 2
962 475 2
864 594 2
838 746 2
978 906 2
527 817 3
303 564 6
238 624 6
371 626 6
532 506 4
504 533 4
293 495 6
519 518 4
545 474 4
266 499 6
330 567 6
222 621 6
354 629 6
241 647 6
386 649 6
327 190 0
245 155 0
306 131 0
612 199 1
894 146 2
899 278 2
877 358 2
960 365 2
992 302 2
917 621 2
867 542 2
974 564 2
856 675 2
850 740 2
808 778 2
861 805 2
278 567 6
333 548 6
188 618 6
263 636 6
207 648 6
367 646 6
857 854 2
229 587 6
213 637 6
334 620 6
383 635 6
394 648 6
201 652 6
271 636 6
223 632 6
273 479 6
203 420 5
262 225 0
255 537 6
270 617 6
254 655 6
349 644 6
214 667 6
245 676 6
287 634 6
365 640 6
224 667 6
532 575 4
266 615 6
275 489 6
341 522 6
508 221 1
236 169 0
269 632 6
368 645 6
214 755 6
576 764 3
310 563 6
223 616 6
528 533 4
337 171 0
207 115 0
243 173 0
287 519 6
536 261 1
409 242 1
641 245 1
580 241 1
551 666 3
551 206 1
531 593 4
546 501 4
553 683 3
557 759 3
632 518 4
639 311 1
621 256 1
629 210 1
584 175 1
651 274 1
532 333 1
689 260 1
587 307 1
618 216 1
733 249 1
702 283 1
655 540 4
900 901 2
565 212 1
419 202 1
926 872 2
858 907 2
905 903 2
983 894 2
957 918 2
892 925 2
878 642 2
538 820 3
318 540 6
339 505 6
297 500 6
765 290 2
654 239 1
620 217 1
706 195 1
609 250 1
525 262 1
593 301 1
235 129 0
529 222 1
265 139 0
195 162 0
612 300 1
528 256 1
342 527 6
263 483 6
341 491 6
304 551 6
346 595 6
590 224 1
478 214 1
240 88 0
563 228 1
627 186 1
275 104 0
229 30 0
698 206 1
521 181 1
269 117 0
306 88 0
738 190 1
898 128 2
857 107 2
639 516 4
529 491 4
202 393 5
443 147 1
245 134 0
232 589 6
193 591 6
347 587 6
214 587 6
276 583 6
522 139 1
237 124 0
205 449 5
210 374 5
201 584 6
255 585 6
189 590 6
224 603 6
270 601 6
347 605 6
404 591 6
579 477 4
201 700 6
612 765 3
521 144 1
242 130 0
309 137 0
565 161 1
616 185 1
222 142 0
520 184 1
451 215 1
342 178 0
268 111 0
465 182 1
602 230 1
622 189 1
220 202 0
255 156 0
212 154 0
296 158 0
634 284 1
581 188 1
598 225 1
235 120 0
286 136 0
894 177 2
905 115 2
905 304 2
841 310 2
972 326 2
917 328 2
968 330 2
880 635 2
849 554 2
872 486 2
985 502 2
842 726 2
918 711 2
839 713 2
799 764 2
883 811 2
971 850 2
980 887 2
939 882 2
1009 881 2
530 735 3
481 738 3
599 724 3
590 479 4
506 490 4
573 496 4
658 246 1
548 243 1
506 207 1
689 214 1
790 765 2
861 629 2
843 570 2
513 483 4
298 511 6
353 541 6
237 62 0
222 13 0
839 227 2
866 115 2
849 311 2
217 143 0
284 110 0
313 514 6
206 603 6
312 595 6
402 599 6
205 601 6
243 598 6
187 449 5
195 385 5
241 600 6
318 579 6
507 492 4
398 582 6
666 534 4
655 499 4
508 486 4
565 478 4
499 516 4
649 436 4
645 481 4
642 535 4
648 585 4
642 579 4
645 568 4
647 589 4
516 511 4
495 474 4
872 859 2
830 858 2
953 872 2
1000 879 2
849 634 2
913 561 2
864 474 2
969 486 2
822 722 2
861 307 2
944 311 2
169 87 0
513 196 1
664 174 1
278 99 0
227 114 0
206 162 0
270 159 0
612 194 1
681 202 1
344 518 6
576 156 1
503 190 1
893 133 2
868 311 2
873 493 2
807 543 2
252 182 0
532 147 1
433 175 1
234 204 0
849 171 2
261 597 6
351 578 6
202 586 6
316 588 6
247 612 6
227 720 6
519 495 4
569 737 3
518 731 3
849 799 2
951 860 2
845 888 2
980 878 2
842 362 2
844 598 2
847 499 2
835 733 2
875 739 2
827 756 2
908 761 2
833 780 2
892 779 2
813 738 2
902 747 2
828 767 2
847 536 2
833 661 2
925 552 2
856 582 2
871 199 2
857 266 2
932 304 2
838 317 2
951 319 2
890 342 2
553 185 1
213 138 0
303 131 0
562 235 1
207 128 0
913 262 2
276 193 0
207 160 0
574 217 1
484 248 1
357 473 6
211 580 6
704 535 2
663 446 4
270 95 0
177 30 0
178 79 0
671 210 1
492 191 1
227 136 0
856 196 2
871 112 2
829 123 2
862 425 2
830 352 2
657 518 4
842 334 2
920 320 2
973 320 2
805 364 2
241 147 0
175 142 0
246 154 0
335 548 6
161 591 6
236 580 6
188 589 6
533 514 4
476 517 4
639 438 4
963 787 2
927 823 2
805 845 2
804 718 2
508 710 3
491 752 3
496 791 3
549 552 4
630 546 4
479 511 4
546 519 4
483 530 4
177 553 6
141 579 6
199 572 6
268 579 6
339 558 6
921 351 2
845 347 2
808 419 2
732 262 1
582 228 1
821 339 2
916 349 2
971 323 2
818 331 2
857 374 2
918 370 2
993 348 2
807 382 2
853 382 2
916 385 2
958 296 2
908 149 2
817 129 2
891 393 2
887 338 2
814 345 2
908 347 2
964 346 2
904 349 2
958 354 2
920 353 2
973 317 2
940 319 2
981 327 2
824 394 2
838 496 2
850 452 2
798 449 2
624 495 4
505 488 4
481 277 1
233 173 0
166 129 0
229 142 0
578 265 1
522 253 1
449 248 1
212 152 0
168 145 0
612 439 4
477 255 1
545 205 1
660 183 1
251 139 0
202 121 0
221 77 0
195 33 0
882 138 2
873 283 2
809 334 2
520 229 1
236 509 6
500 557 4
219 430 5
441 491 4
212 542 6
596 261 1
238 148 0
295 579 6
315 613 6
184 590 6
516 549 4
513 507 4
660 442 4
906 536 2
830 520 2
917 513 2
824 724 2
521 153 1
494 183 1
242 121 0
843 165 2
878 302 2
833 347 2
859 218 2
891 499 2
859 869 2
827 839 2
478 479 4
588 242 1
498 195 1
219 126 0
617 323 1
878 868 2
693 285 1
484 226 1
196 144 0
521 229 1
530 266 1
248 184 0
641 270 1
878 310 2
816 322 2
928 328 2
848 127 2
838 834 2
545 218 1
233 166 0
196 109 0
345 540 6
198 685 6
521 755 3
454 792 3
549 756 3
480 275 1
962 285 2
837 322 2
933 336 2
899 188 2
835 122 2
899 301 2
893 553 2
835 515 2
942 501 2
866 730 2
825 728 2
849 614 2
838 571 2
891 714 2
831 845 2
253 175 0
209 131 0
254 128 0
561 254 1
475 259 1
821 922 2
589 226 1
241 98 0
223 58 0
744 250 1
699 233 1
863 408 2
498 735 3
257 609 6
205 411 5
653 451 4
866 484 2
525 525 4
498 517 4
260 604 6
219 750 6
505 825 3
504 737 3
847 817 2
739 246 1
317 102 0
225 59 0
254 34 0
200 40 0
272 50 0
593 133 1
848 83 2
203 401 5
249 601 6
207 609 6
211 388 5
632 440 4
833 336 2
866 57 2
926 55 2
870 59 2
940 259 2
859 315 2
912 85 2
886 462 2
832 495 2
963 489 2
857 585 2
844 619 2
867 493 2
929 487 2
524 716 3
533 756 3
221 699 6
202 744 6
217 701 6
889 779 2
806 819 2
923 820 2
825 818 2
551 298 1
623 489 4
590 236 1
492 511 4
891 505 2
829 491 2
599 128 1
593 184 1
243 475 5
196 398 5
225 109 0
214 57 0
587 726 3
829 717 2
470 680 3
493 709 3
580 747 3
859 720 2
811 714 2
862 495 2
279 207 0
723 172 1
304 187 0
234 594 6
273 606 6
520 529 4
633 448 4
653 553 4
630 563 4
502 512 4
552 281 1
236 112 0
786 738 2
541 248 1
477 203 1
654 195 1
181 136 0
242 132 0
565 219 1
471 207 1
318 600 6
872 596 2
900 896 2
938 205 2
842 91 2
253 166 0
175 135 0
240 128 0
202 158 0
252 156 0
598 205 1
658 219 1
856 416 2
869 508 2
824 499 2
290 504 6
559 308 1
589 229 1
168 132 0
243 533 6
219 594 6
182 612 6
251 606 6
311 610 6
182 613 6
264 608 6
311 610 6
349 605 6
390 599 6
651 588 4
564 773 3
503 774 3
853 851 2
812 833 2
929 830 2
864 831 2
834 911 2
554 517 4
474 513 4
536 509 4
493 516 4
558 512 4
510 534 4
567 530 4
860 551 2
895 495 2
816 508 2
592 528 4
548 538 4
818 583 2
869 709 2
813 706 2
855 711 2
890 715 2
854 711 2
899 709 2
877 539 2
839 558 2
798 278 2
827 322 2
871 322 2
919 327 2
971 334 2
485 270 1
263 167 0
187 130 0
525 770 3
168 717 6
482 780 3
564 525 4
647 252 1
485 575 4
491 313 1
499 235 1
489 703 3
534 802 3
814 595 2
256 174 0
196 688 6
509 687 3
552 470 4
490 498 4
842 366 2
806 351 2
841 115 2
855 50 2
837 316 2
503 271 1
900 345 2
965 342 2
934 237 2
802 363 2
870 364 2
806 413 2
895 429 2
819 422 2
812 447 2
870 451 2
921 455 2
991 445 2
986 446 2
881 610 2
843 587 2
890 813 2
818 819 2
942 818 2
978 849 2
863 869 2
993 853 2
385 598 6
188 576 6
189 414 5
181 579 6
222 583 6
324 577 6
429 573 4
493 518 4
200 622 6
199 419 5
201 607 6
357 593 6
497 511 4
539 528 4
500 536 4
544 527 4
634 499 4
662 529 4
652 572 4
659 534 4
514 750 3
482 720 3
580 728 3
843 860 2
825 821 2
856 396 2
872 207 2
846 124 2
872 90 2
383 499 6
507 656 3
508 549 4
199 158 0
795 177 2
885 248 2
605 285 1
870 370 2
489 282 1
307 99 0
194 68 0
624 186 1
665 204 1
825 96 2
815 563 2
844 488 2
795 499 2
935 495 2
501 494 4
870 504 2
810 508 2
897 500 2
806 511 2
859 501 2
902 504 2
950 504 2
854 659 2
821 723 2
783 736 2
788 552 2
301 536 6
796 555 2
545 479 4
831 518 2
870 510 2
818 599 2
897 586 2
840 245 2
828 85 2
898 244 2
538 513 4
482 530 4
282 550 6
194 633 6
262 631 6
320 634 6
395 634 6
202 652 6
177 413 5
258 549 6
480 786 3
236 742 6
350 615 6
488 714 3
430 511 4
524 511 4
476 539 4
630 558 4
624 567 4
855 874 2
799 833 2
280 518 6
210 403 5
811 832 2
931 821 2
856 888 2
835 550 2
803 586 2
961 583 2
904 569 2
789 535 2
819 508 2
910 617 2
891 574 2
801 542 2
472 501 4
324 151 0
195 117 0
268 473 6
209 607 6
625 548 4
661 238 1
434 199 1
472 222 1
179 149 0
620 228 1
664 242 1
188 119 0
183 50 0
169 113 0
226 126 0
187 165 0
294 166 0
184 155 0
243 121 0
206 118 0
245 127 0
167 412 5
180 150 0
490 225 1
183 406 5
189 601 6
258 601 6
322 597 6
394 600 6
163 595 6
803 587 2
799 532 2
862 524 2
915 526 2
972 526 2
602 499 4
871 631 2
828 607 2
826 712 2
936 176 2
812 363 2
862 105 2
502 313 1
168 601 6
203 588 6
269 585 6
323 595 6
393 590 6
147 611 6
178 613 6
175 692 6
172 607 6
317 520 6
172 572 6
176 617 6
181 400 5
562 468 4
526 520 4
491 539 4
480 785 3
483 741 3
220 722 6
157 747 6
161 753 6
508 756 3
496 722 3
581 746 3
610 524 4
626 486 4
583 474 4
489 522 4
557 525 4
481 545 4
540 553 4
571 505 4
635 458 4
599 745 3
591 494 4
693 281 1
696 224 1
479 198 1
285 127 0
239 126 0
326 121 0
204 89 0
319 115 0
207 92 0
245 80 0
204 82 0
322 121 0
249 111 0
327 119 0
524 487 4
595 514 4
899 532 2
856 585 2
905 833 2
860 887 2
548 826 3
308 571 6
688 275 1
953 268 2
914 103 2
865 99 2
932 96 2
515 215 1
883 403 2
911 344 2
932 227 2
930 107 2
878 106 2
940 109 2
881 105 2
927 137 2
895 104 2
970 255 2
877 343 2
941 90 2
877 89 2
940 265 2
996 266 2
899 305 2
964 266 2
1007 241 2
795 268 2
943 588 2
936 522 2
856 517 2
965 541 2
352 576 6
329 544 6
550 509 4
902 552 2
937 530 2
858 508 2
969 506 2
852 507 2
951 503 2
995 505 2
552 535 4
321 539 6
239 612 6
195 609 6
339 610 6
331 543 6
223 601 6
184 610 6
247 612 6
329 621 6
389 622 6
321 622 6
387 616 6
369 552 6
330 530 6
218 618 6
407 616 6
383 569 6
353 533 6
301 524 6
258 537 6
344 635 6
393 644 6
222 636 6
182 636 6
449 582 4
491 533 4
339 555 6
339 607 6
398 611 6
569 261 1
532 245 1
191 411 5
273 207 0
229 105 0
274 90 0
821 128 2
944 486 2
856 687 2
878 789 2
873 876 2
507 250 1
477 199 1
241 214 0
304 169 0
621 209 1
771 91 2
827 302 2
873 337 2
903 243 2
988 260 2
843 111 2
319 564 6
311 518 6
553 482 4
824 614 2
475 729 3
503 802 3
823 663 2
839 587 2
892 525 2
815 513 2
923 515 2
865 643 2
824 363 2
840 293 2
831 134 2
589 140 1
313 141 0
854 97 2
903 118 2
882 273 2
927 338 2
818 354 2
800 148 2
604 171 1
307 158 0
893 584 2
887 491 2
835 511 2
826 612 2
857 722 2
800 615 2
786 545 2
944 506 2
833 510 2
913 515 2
852 507 2
956 514 2
887 511 2
830 515 2
802 556 2
865 764 2
815 763 2
837 868 2
210 710 6
212 551 6
235 592 6
300 544 6
351 580 6
193 594 6
529 479 4
514 251 1
449 246 1
216 139 0
210 96 0
248 94 0
200 88 0
258 99 0
525 150 1
294 142 0
257 109 0
237 139 0
854 108 2
899 145 2
884 266 2
907 339 2
820 350 2
869 338 2
810 140 2
253 178 0
249 109 0
880 107 2
546 472 4
319 527 6
531 473 4
564 306 1
509 219 1
698 196 1
177 120 0
600 464 4
716 288 1
699 221 1
917 317 2
857 323 2
827 583 2
495 770 3
669 195 1
501 176 1
689 204 1
187 754 6
470 274 1
541 228 1
882 358 2
845 620 2
815 558 2
816 516 2
886 255 2
944 208 2
930 161 2
852 64 2
887 214 2
927 158 2
1017 225 2
874 321 2
959 323 2
838 336 2
859 335 2
828 589 2
824 489 2
949 494 2
826 705 2
821 575 2
838 565 2
812 739 2
869 843 2
806 831 2
480 723 3
156 708 6
479 711 3
485 755 3
863 853 2
841 817 2
953 819 2
238 576 6
173 609 6
281 599 6
335 531 6
518 499 4
476 522 4
538 525 4
472 543 4
848 134 2
874 41 2
619 199 1
552 232 1
546 209 1
538 280 1
499 216 1
521 180 1
563 241 1
171 138 0
245 133 0
281 160 0
192 120 0
628 272 1
906 281 2
811 326 2
864 570 2
821 594 2
808 713 2
876 841 2
795 838 2
572 448 4
551 268 1
669 235 1
565 527 4
669 212 1
522 175 1
253 120 0
183 51 0
192 101 0
607 162 1
695 182 1
230 86 0
259 31 0
635 206 1
684 209 1
370 518 6
309 121 0
191 76 0
184 105 0
228 107 0
188 102 0
223 83 0
271 79 0
177 126 0
270 136 0
624 200 1
696 194 1
705 186 1
659 187 1
954 207 2
840 299 2
933 300 2
992 315 2
882 227 2
884 145 2
834 122 2
912 276 2
949 217 2
338 480 6
178 389 5
807 564 2
925 52 2
327 537 6
184 608 6
258 604 6
311 608 6
275 604 6
361 611 6
888 607 2
843 474 2
893 530 2
855 560 2
840 494 2
968 480 2
542 482 4
498 702 3
197 651 6
524 793 3
535 717 3
809 567 2
516 716 3
190 704 6
492 719 3
866 805 2
829 716 2
559 741 3
507 720 3
838 831 2
956 821 2
869 546 2
827 496 2
871 493 2
955 485 2
1005 484 2
836 502 2
924 485 2
828 485 2
546 286 1
230 619 6
499 503 4
648 435 4
824 805 2
896 813 2
818 694 2
857 531 2
843 479 2
989 465 2
554 778 3
493 704 3
203 707 6
179 745 6
843 820 2
971 816 2
851 871 2
980 852 2
875 863 2
840 814 2
561 730 3
556 467 4
203 428 5
163 757 6
517 748 3
586 527 4
374 559 6
160 625 6
623 734 3
479 722 3
884 760 2
886 606 2
839 593 2
837 520 2
974 504 2
794 311 2
541 480 4
197 396 5
273 102 0
937 105 2
862 41 2
859 166 2
911 275 2
599 264 1
610 147 1
291 477 6
532 587 4
820 610 2
614 526 4
515 540 4
538 767 3
475 728 3
157 720 6
171 404 5
536 430 4
800 354 2
865 91 2
902 106 2
652 467 4
183 420 5
819 423 2
851 530 2
882 892 2
810 820 2
526 685 3
473 730 3
517 505 4
168 391 5
178 713 6
535 707 3
170 728 6
457 741 3
173 415 5
193 751 6
175 617 6
186 713 6
497 737 3
882 146 2
845 117 2
559 679 3
508 748 3
859 413 2
815 534 2
850 144 2
229 168 0
165 58 0
263 530 6
160 709 6
178 746 6
501 778 3
494 585 4
447 555 4
173 424 5
207 768 6
566 331 1
505 217 1
693 235 1
420 226 1
212 56 0
521 735 3
856 518 2
888 814 2
203 714 6
489 709 3
224 678 6
170 691 6
524 707 3
203 368 5
192 114 0
264 130 0
189 143 0
278 155 0
183 180 0
668 243 1
847 158 2
843 113 2
844 365 2
528 479 4
562 214 1
340 522 6
515 525 4
834 582 2
856 511 2
818 764 2
836 829 2
954 849 2
994 857 2
959 856 2
995 857 2
849 878 2
1022 860 2
503 745 3
972 837 2
894 856 2
970 859 2
518 791 3
611 764 3
501 763 3
541 764 3
197 732 6
957 848 2
944 343 2
825 342 2
909 334 2
495 521 4
196 591 6
157 603 6
204 607 6
274 614 6
324 618 6
401 616 6
339 493 6
400 610 6
256 604 6
358 547 6
342 505 6
385 592 6
254 595 6
334 492 6
786 454 2
647 446 4
869 416 2
833 436 2
890 906 2
852 780 2
817 690 2
805 719 2
846 724 2
841 608 2
512 229 1
259 147 0
207 127 0
224 74 0
907 177 2
844 151 2
623 167 1
552 235 1
499 251 1
193 180 0
232 424 5
259 482 6
270 538 6
169 612 6
245 609 6
164 710 6
467 754 3
480 817 3
901 873 2
832 831 2
901 821 2
871 889 2
970 855 2
953 860 2
823 623 2
856 560 2
825 523 2
474 209 1
234 140 0
842 206 2
871 133 2
912 128 2
939 253 2
930 213 2
869 129 2
914 306 2
849 346 2
928 346 2
967 358 2
952 255 2
917 691 2
837 725 2
144 728 6
175 593 6
494 654 3
817 891 2
808 838 2
863 831 2
916 829 2
965 859 2
854 896 2
963 871 2
843 897 2
952 863 2
999 856 2
846 887 2
833 828 2
577 480 4
937 846 2
847 819 2
543 263 1
479 203 1
579 275 1
523 297 1
261 186 0
893 214 2
961 225 2
989 336 2
992 267 2
978 535 2
927 597 2
889 496 2
846 518 2
954 503 2
875 502 2
282 47 0
928 64 2
832 40 2
423 541 4
917 497 2
843 477 2
586 444 4
641 225 1
676 192 1
496 176 1
294 461 6
310 501 6
176 376 5
298 527 6
333 492 6
361 544 6
363 593 6
318 591 6
202 591 6
277 597 6
327 595 6
386 600 6
181 618 6
228 607 6
323 600 6
584 493 4
500 490 4
575 487 4
496 515 4
550 521 4
953 457 2
856 466 2
958 471 2
859 596 2
861 642 2
877 622 2
830 705 2
893 712 2
916 177 2
880 80 2
831 74 2
881 188 2
958 208 2
1018 213 2
910 214 2
1001 212 2
902 282 2
834 292 2
915 225 2
905 114 2
882 84 2
952 204 2
1009 228 2
836 164 2
852 43 2
905 64 2
943 70 2
963 200 2
1004 202 2
911 228 2
878 216 2
930 213 2
1003 208 2
896 198 2
857 207 2
950 206 2
896 206 2
982 219 2
1001 215 2
852 196 2
880 129 2
892 166 2
943 200 2
987 214 2
884 230 2
582 189 1
494 193 1
239 137 0
570 238 1
672 208 1
891 741 2
849 562 2
583 786 3
618 756 3
892 732 2
842 732 2
883 732 2
830 731 2
827 723 2
894 728 2
874 524 2
827 534 2
853 505 2
952 513 2
910 512 2
855 503 2
967 506 2
854 684 2
882 714 2
522 209 1
613 199 1
883 269 2
863 118 2
931 135 2
988 261 2
870 255 2
892 206 2
312 522 6
185 420 5
226 552 6
585 781 3
593 738 3
545 750 3
900 894 2
824 833 2
899 840 2
981 845 2
638 488 4
515 514 4
207 555 6
281 533 6
190 592 6
478 234 1
586 220 1
894 332 2
817 339 2
930 289 2
861 94 2
918 102 2
978 268 2
878 353 2
856 134 2
899 106 2
854 109 2
875 354 2
948 342 2
865 640 2
858 570 2
897 601 2
974 198 2
866 873 2
896 839 2
912 533 2
498 240 1
588 255 1
205 154 0
260 150 0
224 128 0
275 123 0
568 247 1
209 172 0
258 167 0
176 164 0
479 204 1
653 259 1
572 423 4
580 329 1
583 239 1
475 231 1
233 124 0
184 145 0
183 393 5
682 198 1
825 120 2
235 139 0
171 168 0
815 113 2
870 121 2
887 315 2
832 349 2
841 123 2
885 30 2
887 97 2
208 132 0
167 119 0
232 124 0
304 125 0
181 160 0
244 166 0
178 189 0
155 421 5
185 637 6
280 643 6
828 580 2
805 527 2
919 524 2
798 526 2
839 525 2
914 520 2
953 519 2
835 764 2
793 737 2
832 834 2
936 832 2
820 835 2
459 754 3
201 729 6
861 862 2
820 837 2
930 823 2
839 828 2
938 849 2
852 943 2
944 865 2
997 864 2
434 255 1
169 144 0
161 64 0
194 127 0
171 171 0
544 238 1
655 143 1
858 30 2
879 99 2
819 127 2
818 50 2
185 101 0
165 51 0
475 516 4
564 748 3
495 755 3
171 760 6
544 534 4
470 540 4
612 502 4
628 450 4
603 476 4
465 540 4
514 543 4
473 568 4
519 557 4
455 582 4
850 619 2
868 513 2
811 520 2
443 551 4
516 540 4
294 208 0
541 204 1
250 115 0
708 222 1
670 216 1
466 182 1
252 102 0
795 75 2
265 61 0
217 96 0
859 97 2
227 80 0
337 113 0
613 229 1
659 208 1
229 105 0
181 105 0
250 102 0
319 98 0
191 138 0
172 402 5
212 580 6
955 323 2
840 338 2
868 545 2
848 500 2
955 486 2
826 499 2
914 493 2
952 492 2
978 539 2
834 584 2
830 738 2
833 835 2
944 824 2
846 841 2
490 749 3
194 718 6
526 744 3
225 728 6
930 930 2
900 845 2
853 831 2
847 883 2
802 402 2
497 525 4
560 528 4
508 552 4
297 551 6
209 613 6
893 497 2
837 571 2
919 223 2
847 321 2
949 308 2
902 190 2
961 313 2
840 323 2
859 175 2
860 93 2
823 322 2
930 317 2
821 320 2
922 322 2
972 317 2
898 136 2
473 261 1
557 257 1
935 347 2
896 322 2
941 319 2
874 115 2
895 196 2
647 236 1
188 111 0
251 141 0
653 266 1
853 402 2
824 359 2
207 134 0
247 126 0
575 258 1
485 145 1
471 223 1
610 316 1
659 227 1
337 116 0
235 66 0
642 538 4
853 516 2
857 110 2
906 492 2
922 866 2
821 825 2
425 150 1
274 53 0
499 541 4
872 516 2
808 110 2
862 81 2
844 106 2
942 240 2
849 334 2
829 71 2
580 186 1
272 86 0
212 70 0
191 404 5
218 19 0
967 435 2
877 496 2
811 502 2
826 264 2
889 100 2
830 63 2
892 74 2
331 491 6
189 410 5
345 124 0
241 691 6
209 599 6
579 228 1
273 92 0
310 225 0
502 467 4
598 523 4
876 233 2
910 457 2
823 498 2
966 496 2
208 46 0
210 52 0
248 90 0
198 211 0
236 575 6
208 653 6
187 595 6
189 725 6
494 720 3
837 826 2
941 842 2
853 498 2
988 489 2
938 489 2
543 477 4
506 550 4
487 526 4
858 318 2
820 426 2
876 407 2
787 339 2
807 115 2
846 81 2
827 146 2
853 101 2
889 229 2
575 189 1
229 56 0
263 72 0
587 182 1
537 473 4
317 519 6
328 156 0
488 128 1
281 85 0
219 71 0
318 81 0
856 98 2
641 456 4
637 510 4
374 527 6
234 608 6
233 728 6
489 718 3
907 550 2
898 484 2
820 490 2
593 473 4
510 517 4
549 532 4
478 556 4
198 596 6
253 601 6
324 605 6
475 135 1
244 54 0
836 89 2
823 97 2
895 99 2
859 180 2
842 106 2
878 101 2
919 98 2
828 319 2
840 474 2
811 510 2
868 531 2
846 754 2
822 722 2
810 844 2
838 823 2
885 821 2
974 819 2
485 707 3
624 191 1
506 577 4
490 719 3
809 810 2
497 733 3
479 771 3
485 729 3
479 304 1
556 264 1
514 250 1
267 130 0
216 128 0
738 200 1
705 225 1
816 114 2
864 481 2
340 652 6
501 712 3
821 848 2
806 580 2
841 411 2
839 163 2
679 158 1
652 188 1
292 204 0
195 163 0
178 58 0
807 65 2
915 87 2
873 118 2
905 289 2
982 280 2
845 358 2
901 351 2
937 362 2
867 519 2
611 299 1
838 771 2
582 498 4
515 486 4
222 587 6
557 676 3
544 471 4
204 151 0
497 195 1
599 176 1
197 216 0
647 241 1
598 283 1
208 141 0
549 184 1
252 166 0
483 164 1
209 149 0
242 124 0
663 230 1
600 267 1
271 170 0
675 135 1
191 179 0
223 236 0
562 242 1
787 81 2
228 65 0
848 57 2
917 61 2
200 662 6
472 595 4
659 587 4
554 665 3
514 429 4
508 474 4
566 213 1
208 111 0
181 85 0
587 453 4
506 493 4
550 505 4
519 488 4
557 496 4
511 495 4
571 485 4
512 508 4
548 514 4
183 740 6
179 681 6
186 133 0
790 148 2
880 377 2
840 444 2
831 580 2
821 722 2
497 231 1
209 153 0
631 511 4
527 453 4
596 261 1
667 225 1
276 146 0
218 110 0
398 555 6
295 491 6
331 469 6
205 718 6
171 734 6
563 543 4
536 464 4
329 482 6
726 259 1
874 397 2
825 360 2
800 483 2
829 609 2
811 860 2
317 519 6
254 530 6
183 619 6
232 588 6
313 616 6
383 610 6
527 314 1
611 218 1
901 276 2
829 119 2
936 262 2
904 556 2
842 604 2
823 909 2
499 716 3
459 732 3
552 750 3
502 655 3
317 524 6
218 414 5
528 129 1
839 231 2
938 270 2
279 535 6
342 482 6
801 289 2
914 246 2
866 164 2
790 103 2
466 242 1
687 256 1
731 211 1
577 228 1
249 170 0
172 123 0
223 113 0
194 166 0
579 257 1
433 235 1
904 215 2
855 171 2
833 120 2
915 276 2
846 252 2
858 359 2
823 358 2
869 239 2
844 162 2
579 301 1
488 312 1
521 304 1
544 549 4
838 655 2
836 605 2
822 528 2
511 293 1
614 293 1
850 245 2
926 241 2
580 278 1
495 287 1
252 192 0
191 156 0
237 159 0
177 160 0
536 262 1
432 240 1
527 214 1
636 183 1
481 177 1
813 900 2
820 850 2
538 713 3
475 692 3
476 778 3
537 766 3
621 181 1
646 208 1
554 545 4
551 778 3
499 780 3
465 757 3
526 763 3
224 62 0
703 221 1
635 212 1
517 227 1
585 175 1
251 66 0
616 163 1
578 151 1
462 155 1
895 543 2
788 632 2
513 802 3
473 756 3
191 727 6
536 736 3
511 769 3
801 703 2
805 489 2
927 501 2
903 915 2
834 847 2
940 841 2
820 907 2
860 910 2
889 174 2
830 79 2
898 87 2
884 288 2
798 307 2
874 304 2
809 310 2
935 342 2
835 361 2
826 458 2
811 344 2
846 364 2
882 372 2
946 370 2
913 392 2
855 431 2
817 434 2
851 347 2
861 62 2
913 119 2
948 205 2
1006 203 2
893 583 2
837 630 2
837 515 2
965 510 2
862 645 2
828 707 2
514 811 3
480 444 4
381 576 6
632 500 4
551 212 1
481 172 1
505 198 1
212 80 0
249 76 0
752 235 1
869 348 2
848 307 2
858 87 2
887 488 2
823 491 2
178 385 5
209 721 6
509 732 3
896 775 2
864 819 2
946 823 2
585 469 4
833 481 2
858 56 2
829 84 2
251 179 0
205 441 5
168 383 5
531 423 4
622 495 4
512 514 4
203 52 0
272 66 0
216 60 0
224 733 6
173 701 6
242 706 6
197 710 6
193 681 6
507 703 3
487 546 4
487 461 4
495 514 4
897 822 2
844 822 2
965 830 2
1016 864 2
895 354 2
817 328 2
865 329 2
934 311 2
860 70 2
412 222 1
492 189 1
416 169 1
683 220 1
232 102 0
181 48 0
568 199 1
691 234 1
875 119 2
517 207 1
855 113 2
816 57 2
871 62 2
875 717 2
472 758 3
459 717 3
494 708 3
166 707 6
479 752 3
584 731 3
488 718 3
598 736 3
498 732 3
480 586 4
514 712 3
525 722 3
480 727 3
560 736 3
605 734 3
540 731 3
482 730 3
545 725 3
586 735 3
530 738 3
543 222 1
515 710 3
865 797 2
866 491 2
906 186 2
887 113 2
555 682 3
549 766 3
588 760 3
570 723 3
607 720 3
536 729 3
586 718 3
543 721 3
530 770 3
879 700 2
791 300 2
875 508 2
586 236 1
429 224 1
220 136 0
224 654 6
202 709 6
870 865 2
900 839 2
884 598 2
884 482 2
885 253 2
910 154 2
843 141 2
207 598 6
254 607 6
154 601 6
455 213 1
168 677 6
533 678 3
501 704 3
500 739 3
718 256 1
679 236 1
934 376 2
850 340 2
854 458 2
887 525 2
868 485 2
448 200 1
177 129 0
227 107 0
185 116 0
128 108 0
209 115 0
296 116 0
712 218 1
243 116 0
324 136 0
145 122 0
217 128 0
147 167 0
565 215 1
491 207 1
634 415 4
584 424 4
581 720 3
569 776 3
495 686 3
983 809 2
848 841 2
932 819 2
999 808 2
830 819 2
908 818 2
1021 820 2
903 519 2
839 499 2
866 471 2
875 511 2
848 461 2
908 474 2
980 483 2
857 474 2
898 311 2
820 315 2
842 143 2
832 432 2
859 507 2
932 506 2
869 563 2
873 520 2
896 671 2
850 691 2
939 523 2
947 484 2
847 480 2
880 497 2
526 689 3
553 432 4
647 453 4
481 519 4
216 608 6
961 476 2
840 475 2
357 631 6
147 617 6
287 492 6
876 493 2
912 802 2
870 806 2
839 471 2
251 507 6
161 645 6
906 511 2
851 493 2
913 476 2
986 492 2
474 164 1
225 67 0
828 307 2
932 361 2
194 399 5
839 359 2
881 663 2
506 519 4
874 511 2
877 764 2
832 760 2
891 752 2
857 582 2
677 515 4
863 575 2
842 650 2
919 739 2
827 770 2
906 775 2
852 776 2
943 785 2
939 777 2
977 787 2
843 795 2
896 803 2
938 812 2
915 901 2
877 927 2
973 900 2
329 490 6
253 508 6
323 503 6
203 595 6
277 600 6
170 594 6
212 604 6
260 608 6
218 611 6
259 614 6
330 605 6
395 597 6
327 595 6
407 601 6
189 409 5
258 520 6
339 497 6
192 395 5
544 231 1
605 228 1
253 156 0
876 126 2
940 146 2
981 270 2
955 499 2
841 491 2
864 586 2
826 554 2
867 580 2
842 519 2
546 486 4
853 637 2
889 519 2
848 494 2
909 499 2
959 499 2
1005 502 2
845 722 2
889 738 2
857 588 2
822 726 2
822 763 2
873 919 2
990 894 2
991 913 2
977 918 2
- - - - -