788 793 0
569 511 3
545 238 3
556 197 3
808 647 0
556 600 3
535 353 3
332 136 5
538 177 3
789 610 0
846 731 0
545 245 3
558 190 3
300 183 5
261 181 5
327 165 5
254 204 5
204 254 5
491 281 3
436 451 3
392 503 3
402 389 3
506 384 3
586 399 3
694 423 3
582 411 3
494 400 3
562 189 3
451 356 3
511 369 3
485 410 3
379 415 3
282 176 5
236 192 5
193 237 5
187 167 5
322 168 5
263 187 5
177 530 4
170 461 4
194 430 4
420 532 3
856 776 0
904 775 0
831 763 0
834 864 0
892 777 0
927 760 0
958 908 0
829 887 0
877 806 0
824 897 0
440 879 2
877 819 0
750 631 0
565 275 3
531 229 3
890 757 0
604 284 3
527 218 3
533 194 3
509 171 3
567 222 3
505 232 3
566 199 3
884 790 0
578 313 3
512 238 3
488 188 3
532 191 3
594 206 3
820 789 0
660 388 3
464 316 3
391 503 3
539 207 3
401 511 3
536 514 3
417 524 3
522 225 3
571 215 3
921 488 1
841 388 1
907 348 1
957 386 1
913 374 1
800 305 1
504 214 3
904 385 1
792 326 1
375 356 3
904 349 1
828 305 1
802 340 1
906 351 1
811 318 1
829 325 1
910 348 1
815 355 1
406 356 3
958 403 1
922 388 1
979 386 1
797 397 1
452 412 3
501 394 3
859 743 0
170 432 4
250 205 5
201 189 5
238 226 5
291 182 5
328 187 5
200 277 5
560 201 3
457 285 3
420 388 3
466 465 3
877 746 0
805 865 0
768 898 0
887 885 0
943 888 0
459 543 3
541 526 3
583 513 3
409 539 3
858 793 0
798 873 0
866 886 0
929 882 0
892 700 0
845 738 0
925 918 0
855 779 0
892 722 0
923 741 0
831 727 0
922 873 0
880 738 0
943 764 0
897 804 0
974 791 0
927 765 0
452 893 2
391 891 2
498 647 3
487 272 3
585 394 3
382 400 3
391 439 3
250 191 5
421 396 3
615 396 3
491 391 3
223 176 5
238 209 5
307 197 5
589 174 3
845 357 1
549 280 3
436 289 3
315 91 5
541 449 3
550 334 3
876 410 1
961 436 1
679 336 3
516 295 3
675 394 3
443 423 3
192 451 4
853 449 1
274 148 5
211 201 5
251 198 5
215 267 5
271 250 5
230 271 5
463 517 3
949 472 1
961 412 1
219 443 4
202 443 4
205 611 4
211 554 4
204 405 4
211 562 4
811 546 0
866 730 0
813 699 0
926 273 1
910 232 1
821 224 1
849 317 1
893 351 1
816 157 1
849 171 1
765 214 1
837 192 1
913 184 1
964 253 1
585 222 3
855 221 1
812 222 1
485 427 3
591 433 3
537 319 3
900 250 1
607 442 3
610 399 3
515 434 3
551 202 3
953 826 0
965 890 0
829 868 0
555 230 3
275 65 5
837 492 0
930 866 0
964 905 0
829 839 0
557 209 3
441 294 3
611 289 3
686 296 3
826 578 0
929 757 0
830 692 0
829 848 0
869 847 0
909 770 0
854 871 0
948 870 0
928 738 0
969 742 0
920 757 0
910 748 0
824 843 0
860 859 0
931 863 0
822 873 0
883 870 0
552 234 3
928 851 0
841 871 0
923 878 0
572 185 3
471 268 3
417 297 3
609 291 3
504 598 3
400 625 3
192 480 4
936 930 0
624 366 3
227 187 5
228 266 5
471 693 3
405 692 3
407 534 3
564 528 3
587 446 3
566 559 3
458 555 3
409 532 3
391 563 3
438 591 3
398 671 3
392 635 3
487 631 3
583 635 3
482 643 3
435 653 3
384 651 3
506 665 3
396 675 3
528 666 3
480 667 3
401 695 3
458 691 3
411 703 3
380 726 3
465 715 3
449 522 3
384 520 3
558 530 3
593 540 3
435 527 3
394 544 3
471 517 3
523 532 3
584 534 3
576 356 3
479 384 3
478 313 3
617 307 3
478 487 3
444 505 3
646 293 3
853 437 1
861 848 0
826 898 0
828 694 0
428 756 3
382 891 2
219 536 4
904 351 1
889 188 1
833 185 1
824 140 1
808 297 1
452 599 3
912 345 1
814 195 1
829 195 1
840 255 1
477 258 3
254 194 5
812 198 1
841 237 1
890 266 1
809 258 1
849 231 1
822 241 1
816 231 1
844 270 1
970 233 1
441 531 3
405 574 3
411 616 3
503 627 3
206 285 5
216 236 5
254 254 5
204 179 5
561 338 3
481 301 3
832 247 1
830 182 1
863 231 1
803 262 1
472 567 3
406 527 3
438 367 3
439 264 3
589 298 3
632 291 3
546 170 3
304 121 5
613 274 3
406 299 3
605 318 3
916 380 1
950 406 1
481 295 3
876 262 1
881 156 1
435 281 3
792 244 1
493 298 3
551 207 3
399 306 3
479 307 3
374 306 3
439 310 3
378 309 3
431 303 3
492 309 3
624 313 3
552 313 3
644 320 3
419 336 3
277 195 5
542 197 3
406 318 3
592 299 3
499 339 3
537 237 3
408 270 3
442 371 3
493 399 3
507 391 3
534 305 3
560 175 3
452 308 3
522 437 3
472 422 3
528 408 3
637 437 3
427 433 3
495 234 3
459 268 3
555 243 3
448 458 3
887 784 0
800 699 0
874 804 0
817 843 0
825 743 0
794 701 0
837 694 0
916 769 0
918 930 0
959 917 0
938 335 1
855 333 1
189 301 5
224 194 5
215 231 5
520 215 3
460 373 3
453 527 3
373 548 3
576 513 3
527 204 3
855 412 1
841 336 1
882 361 1
830 168 1
835 204 1
812 146 1
824 226 1
218 334 5
250 281 5
186 286 5
241 281 5
527 249 3
411 315 3
629 323 3
668 324 3
536 333 3
462 372 3
526 213 3
564 226 3
658 349 3
532 299 3
985 565 1
838 648 0
848 800 0
828 875 0
816 747 0
764 715 0
460 625 3
372 671 3
493 303 3
434 382 3
498 362 3
462 358 3
595 342 3
390 351 3
549 269 3
651 307 3
864 251 1
250 293 5
212 298 5
463 611 3
496 383 3
560 230 3
645 436 3
602 448 3
401 457 3
409 396 3
544 202 3
616 264 3
647 310 3
606 367 3
642 358 3
451 326 3
644 365 3
681 368 3
443 347 3
493 344 3
616 226 3
544 211 3
914 269 1
845 377 1
459 646 3
381 680 3
517 324 3
432 300 3
633 304 3
552 311 3
419 342 3
493 349 3
382 367 3
823 842 0
838 715 0
791 720 0
899 877 0
811 882 0
946 879 0
897 890 0
840 893 0
929 889 0
825 909 0
921 791 0
967 789 0
862 829 0
965 840 0
871 910 0
950 890 0
815 851 0
807 693 0
853 740 0
880 784 0
785 818 0
489 273 3
608 305 3
801 833 0
557 464 3
573 241 3
891 338 1
487 296 3
561 227 3
596 336 3
556 319 3
834 447 1
563 453 3
848 390 1
911 147 1
485 638 3
421 629 3
905 852 0
923 754 0
827 788 0
853 851 0
881 769 0
940 754 0
908 782 0
861 693 0
593 296 3
556 244 3
915 738 0
943 764 0
863 877 0
809 862 0
858 732 0
790 694 0
826 799 0
887 771 0
808 863 0
843 863 0
795 704 0
563 235 3
247 196 5
839 761 0
920 800 0
946 776 0
816 855 0
823 700 0
483 722 3
584 359 3
554 251 3
417 911 2
955 914 0
917 509 1
877 295 1
879 412 1
894 320 1
903 216 1
874 435 1
931 222 1
817 190 1
895 485 1
983 422 1
968 469 1
1002 421 1
919 456 1
946 419 1
642 279 3
550 221 3
951 355 1
937 431 1
969 532 1
935 373 1
835 367 1
875 354 1
960 369 1
560 222 3
902 432 1
853 444 1
875 483 1
462 236 3
577 195 3
535 260 3
471 282 3
611 233 3
243 229 5
547 472 3
531 256 3
548 305 3
402 295 3
642 294 3
569 200 3
227 331 5
260 182 5
240 61 5
279 101 5
230 104 5
346 100 5
694 304 3
785 316 1
805 176 1
461 558 3
199 567 4
540 582 3
428 558 3
957 495 1
901 368 1
856 319 1
821 194 1
873 751 0
790 666 0
795 578 0
417 888 2
373 888 2
430 523 3
391 557 3
493 408 3
570 209 3
456 315 3
406 314 3
483 305 3
619 313 3
666 302 3
512 315 3
586 454 3
224 274 5
281 278 5
329 102 5
212 604 4
211 562 4
978 926 0
991 561 1
767 609 0
473 528 3
392 550 3
580 364 3
559 328 3
598 439 3
588 201 3
478 319 3
406 298 3
618 300 3
566 301 3
652 305 3
591 184 3
446 347 3
484 337 3
408 298 3
484 293 3
412 315 3
635 365 3
575 331 3
683 419 3
569 334 3
475 313 3
334 142 5
530 204 3
575 230 3
415 293 3
471 290 3
558 297 3
649 295 3
400 291 3
880 459 1
903 850 0
888 796 0
945 915 0
567 228 3
560 193 3
423 445 3
404 407 3
208 475 4
215 250 5
264 244 5
217 266 5
276 272 5
486 639 3
399 649 3
466 642 3
537 654 3
407 696 3
445 705 3
418 736 3
470 735 3
416 750 3
459 756 3
399 587 3
460 607 3
883 788 0
833 862 0
827 918 0
410 877 2
923 526 1
810 607 0
815 253 1
818 180 1
489 532 3
409 660 3
452 646 3
387 643 3
415 527 3
442 668 3
406 647 3
466 631 3
530 637 3
584 632 3
552 630 3
494 635 3
573 631 3
571 613 3
542 586 3
577 594 3
396 590 3
437 593 3
473 594 3
514 588 3
560 336 3
518 234 3
567 205 3
473 361 3
509 434 3
590 436 3
507 246 3
561 185 3
255 51 5
625 289 3
561 187 3
566 187 3
266 177 5
992 505 1
855 830 0
889 669 0
390 326 3
223 258 5
224 126 5
273 124 5
217 215 5
513 286 3
232 256 5
424 507 3
403 335 3
489 412 3
527 416 3
598 411 3
684 402 3
654 301 3
859 149 1
817 154 1
859 293 1
954 334 1
869 799 0
822 852 0
532 561 3
574 549 3
401 554 3
460 569 3
532 567 3
476 575 3
410 601 3
496 603 3
581 601 3
468 599 3
498 635 3
400 649 3
455 633 3
407 634 3
499 616 3
419 675 3
483 663 3
432 692 3
411 725 3
460 639 3
417 644 3
541 640 3
427 644 3
500 660 3
551 587 3
401 605 3
442 594 3
555 590 3
420 626 3
398 544 3
448 636 3
524 604 3
452 617 3
516 614 3
578 595 3
482 499 3
554 503 3
408 518 3
496 478 3
404 474 3
441 860 2
572 443 3
593 395 3
507 398 3
506 356 3
421 281 3
479 215 3
296 250 5
536 320 3
538 256 3
277 265 5
287 121 5
232 76 5
495 559 3
385 554 3
429 560 3
484 562 3
372 573 3
469 557 3
537 544 3
567 565 3
383 549 3
435 562 3
487 556 3
541 518 3
498 549 3
545 567 3
596 564 3
372 660 3
452 678 3
372 704 3
420 695 3
382 698 3
418 697 3
363 603 3
374 644 3
441 644 3
867 872 0
916 892 0
907 418 1
845 463 1
477 438 3
841 475 1
811 449 1
487 430 3
375 404 3
274 248 5
246 218 5
162 217 5
402 855 2
926 922 0
824 893 0
912 689 0
897 745 0
838 768 0
908 785 0
767 689 0
819 690 0
839 786 0
805 845 0
1001 469 1
905 427 1
930 203 1
966 216 1
922 762 0
799 704 0
756 681 0
760 716 0
822 697 0
816 843 0
894 746 0
981 374 1
885 245 1
803 247 1
947 481 1
942 525 1
958 428 1
850 205 1
819 224 1
967 250 1
229 99 5
199 496 4
516 486 3
403 518 3
369 546 3
461 554 3
410 433 3
481 424 3
650 434 3
421 484 3
253 231 5
477 357 3
505 270 3
433 284 3
423 326 3
531 305 3
594 284 3
625 316 3
686 302 3
215 235 5
175 211 5
186 404 4
499 395 3
464 523 3
423 604 3
400 667 3
475 375 3
467 318 3
423 308 3
586 299 3
561 232 3
651 303 3
869 250 1
463 240 3
396 318 3
451 310 3
218 254 5
230 175 5
510 303 3
501 354 3
400 311 3
619 348 3
886 685 0
848 728 0
838 823 0
805 706 0
975 858 0
785 583 0
940 472 1
850 326 1
537 236 3
544 199 3
411 285 3
207 304 5
540 228 3
409 303 3
463 376 3
218 184 5
529 245 3
542 312 3
623 337 3
386 328 3
513 338 3
506 375 3
438 565 3
524 435 3
509 340 3
371 319 3
190 260 5
576 500 3
915 322 1
924 222 1
512 249 3
314 76 5
493 169 3
507 255 3
512 211 3
505 251 3
428 321 3
416 285 3
506 261 3
492 339 3
591 311 3
597 396 3
469 320 3
538 368 3
441 267 3
398 326 3
589 466 3
445 547 3
431 493 3
400 554 3
883 322 1
929 265 1
518 295 3
411 302 3
495 267 3
402 305 3
488 301 3
840 901 0
469 372 3
394 518 3
547 228 3
459 303 3
233 142 5
483 519 3
431 520 3
498 402 3
868 388 1
817 354 1
527 513 3
434 569 3
397 582 3
418 638 3
383 549 3
361 535 3
458 700 3
418 553 3
230 518 4
216 427 4
451 377 3
490 284 3
398 298 3
243 191 5
264 67 5
450 411 3
419 311 3
487 309 3
535 309 3
485 310 3
553 313 3
625 312 3
825 188 1
918 356 1
852 318 1
877 361 1
813 606 0
805 746 0
777 681 0
186 669 4
222 399 4
218 105 5
230 468 4
204 551 4
206 512 4
270 99 5
247 144 5
561 241 3
816 161 1
830 180 1
855 190 1
603 199 3
250 109 5
217 150 5
484 301 3
859 203 1
826 168 1
800 129 1
478 397 3
424 354 3
332 168 5
395 308 3
488 308 3
599 308 3
399 331 3
476 342 3
418 442 3
219 226 5
450 707 3
571 469 3
538 251 3
546 206 3
298 205 5
470 406 3
396 413 3
824 328 1
835 609 0
891 749 0
563 256 3
444 317 3
392 319 3
247 196 5
179 190 5
602 380 3
573 430 3
481 425 3
387 422 3
471 302 3
385 321 3
465 328 3
538 329 3
444 698 3
422 552 3
385 570 3
829 371 1
813 183 1
849 186 1
936 169 1
294 190 5
213 252 5
175 285 5
193 503 4
190 419 4
467 758 3
426 734 3
508 533 3
490 469 3
495 427 3
583 441 3
828 441 1
597 348 3
839 316 1
907 416 1
833 418 1
557 262 3
520 250 3
385 311 3
452 306 3
543 306 3
844 200 1
797 197 1
840 201 1
796 243 1
493 474 3
828 442 1
644 444 3
697 419 3
589 442 3
846 276 1
942 196 1
784 170 1
843 162 1
783 165 1
519 642 3
370 590 3
378 552 3
583 542 3
476 526 3
366 528 3
424 530 3
416 783 2
384 593 3
425 591 3
496 592 3
431 761 3
407 716 3
455 709 3
378 660 3
468 657 3
510 663 3
172 267 5
373 533 3
478 532 3
488 386 3
538 280 3
846 468 1
587 600 3
442 544 3
394 287 3
290 227 5
201 569 4
430 539 3
392 560 3
833 463 1
807 279 1
852 276 1
813 230 1
860 215 1
972 247 1
938 220 1
828 151 1
802 189 1
257 189 5
796 192 1
521 280 3
902 287 1
814 276 1
814 263 1
860 248 1
825 234 1
976 241 1
553 259 3
427 466 3
392 326 3
458 330 3
536 330 3
608 335 3
658 337 3
450 469 3
378 558 3
411 573 3
469 575 3
380 594 3
426 610 3
472 612 3
394 627 3
446 634 3
492 632 3
375 654 3
449 645 3
414 707 3
371 712 3
425 701 3
473 712 3
394 736 3
855 829 0
833 884 0
871 883 0
913 940 0
852 695 0
781 688 0
844 753 0
276 242 5
179 276 5
236 279 5
436 304 3
400 317 3
480 326 3
562 327 3
626 331 3
188 583 4
192 444 4
425 489 3
483 196 3
271 119 5
221 106 5
314 80 5
350 94 5
583 398 3
456 309 3
368 318 3
528 209 3
328 77 5
846 299 1
804 325 1
776 155 1
487 512 3
405 431 3
181 515 4
208 191 5
505 247 3
450 336 3
843 788 0
938 899 0
816 708 0
755 706 0
799 709 0
832 709 0
833 847 0
780 856 0
848 834 0
801 841 0
834 704 0
767 589 0
966 618 1
898 775 0
817 772 0
796 842 0
831 701 0
773 702 0
801 850 0
419 885 2
367 880 2
451 891 2
804 792 0
816 704 0
803 690 0
838 751 0
944 777 0
884 747 0
902 733 0
924 894 0
843 753 0
768 706 0
939 899 0
1001 889 0
779 844 0
825 791 0
834 862 0
799 867 0
864 861 0
916 862 0
963 868 0
786 866 0
811 787 0
558 469 3
417 571 3
402 615 3
366 608 3
438 424 3
594 435 3
446 501 3
446 451 3
407 455 3
228 325 5
177 529 4
206 611 4
811 753 0
549 389 3
396 339 3
223 288 5
237 233 5
898 307 1
835 362 1
802 397 1
874 397 1
944 415 1
816 441 1
868 365 1
829 418 1
896 408 1
939 405 1
889 409 1
905 388 1
962 378 1
943 434 1
940 398 1
907 445 1
801 451 1
930 522 1
938 443 1
456 544 3
833 739 0
806 790 0
786 651 0
762 712 0
850 761 0
979 621 1
466 600 3
383 635 3
376 690 3
388 649 3
365 698 3
398 754 3
439 762 3
457 755 3
494 503 3
536 431 3
588 465 3
550 334 3
833 215 1
833 200 1
855 232 1
825 262 1
935 270 1
610 495 3
554 370 3
240 188 5
287 133 5
430 295 3
616 313 3
292 198 5
325 185 5
240 149 5
194 248 5
504 288 3
595 301 3
348 123 5
302 87 5
521 274 3
902 347 1
986 465 1
914 741 0
838 591 0
961 408 1
1002 450 1
960 396 1
886 374 1
849 341 1
879 358 1
801 602 0
999 474 1
398 895 2
448 889 2
924 892 0
990 902 0
218 517 4
196 440 4
267 233 5
208 234 5
556 256 3
467 332 3
574 329 3
945 471 1
972 424 1
875 349 1
918 811 0
951 755 0
845 710 0
817 686 0
968 623 1
809 594 0
949 436 1
980 491 1
896 365 1
850 359 1
934 220 1
264 202 5
210 216 5
296 226 5
204 285 5
256 287 5
491 328 3
915 748 0
934 857 0
837 847 0
910 751 0
855 744 0
808 831 0
849 726 0
902 743 0
945 773 0
845 840 0
877 781 0
901 784 0
814 698 0
908 845 0
836 825 0
886 766 0
923 836 0
878 772 0
854 741 0
841 834 0
806 699 0
828 592 0
938 881 0
429 906 2
407 499 3
486 319 3
516 253 3
294 243 5
248 229 5
226 269 5
555 375 3
933 712 0
967 516 1
909 195 1
798 195 1
315 133 5
223 102 5
180 505 4
235 454 4
211 218 5
222 264 5
661 351 3
833 336 1
797 241 1
550 239 3
547 312 3
406 306 3
534 305 3
214 74 5
283 98 5
341 122 5
932 197 1
976 218 1
943 513 1
843 327 1
826 701 0
908 910 0
821 781 0
518 632 3
413 573 3
395 536 3
416 380 3
492 288 3
411 301 3
479 381 3
483 425 3
392 435 3
502 435 3
387 458 3
449 436 3
394 444 3
476 449 3
525 279 3
417 277 3
525 242 3
433 422 3
396 452 3
469 402 3
394 318 3
508 400 3
674 394 3
887 247 1
821 259 1
793 199 1
830 189 1
503 246 3
535 325 3
472 440 3
361 365 3
378 296 3
421 311 3
393 452 3
581 455 3
493 455 3
595 411 3
571 347 3
415 294 3
859 450 1
951 503 1
189 506 4
199 305 5
197 268 5
200 190 5
222 141 5
502 497 3
383 415 3
396 474 3
403 513 3
430 471 3
530 287 3
439 264 3
826 227 1
836 161 1
821 424 1
223 437 4
218 348 4
260 231 5
549 580 3
366 599 3
798 613 0
873 728 0
769 602 0
817 620 0
788 613 0
815 614 0
830 623 0
788 604 0
778 582 0
817 619 0
857 610 0
824 631 0
790 590 0
793 586 0
835 621 0
839 807 0
825 623 0
851 630 0
813 619 0
852 279 1
835 184 1
412 322 3
498 313 3
422 374 3
220 275 5
203 504 4
193 564 4
401 672 3
415 847 2
281 122 5
214 144 5
801 228 1
845 194 1
850 206 1
311 110 5
438 550 3
386 577 3
448 633 3
375 660 3
409 838 2
450 423 3
404 577 3
820 673 0
845 329 1
810 589 0
530 543 3
491 401 3
253 54 5
224 302 5
220 420 4
265 80 5
478 240 3
389 306 3
488 310 3
570 310 3
471 314 3
511 317 3
471 312 3
435 305 3
490 324 3
528 295 3
604 317 3
895 433 1
871 667 0
874 735 0
808 881 0
829 851 0
852 789 0
823 849 0
886 845 0
938 857 0
952 740 0
874 730 0
824 665 0
775 681 0
879 798 0
906 751 0
308 196 5
212 265 5
243 290 5
903 815 0
968 892 0
816 882 0
931 421 1
847 186 1
552 566 3
423 567 3
420 423 3
510 425 3
610 438 3
591 453 3
438 606 3
395 530 3
381 583 3
396 701 3
424 522 3
384 497 3
424 527 3
370 491 3
431 527 3
472 523 3
372 519 3
432 433 3
507 437 3
477 178 3
914 234 1
842 250 1
834 182 1
948 368 1
434 671 3
414 841 2
199 423 4
194 573 4
772 670 0
192 485 4
219 417 4
209 476 4
203 515 4
212 436 4
216 302 5
244 141 5
485 184 3
912 162 1
833 123 1
920 693 0
373 871 2
451 372 3
253 59 5
430 730 3
451 563 3
353 567 3
856 351 1
843 160 1
824 194 1
444 380 3
419 437 3
510 228 3
250 206 5
991 388 1
874 680 0
904 808 0
945 889 0
206 305 5
212 134 5
223 204 5
180 215 5
204 525 4
439 611 3
466 429 3
886 378 1
525 357 3
420 640 3
378 657 3
205 503 4
473 650 3
459 405 3
917 435 1
795 573 0
785 608 0
859 743 0
408 485 3
469 361 3
845 335 1
824 163 1
314 168 5
164 220 5
895 679 0
787 349 1
459 351 3
890 260 1
460 452 3
376 681 3
398 879 2
937 795 0
881 199 1
482 537 3
499 668 3
902 358 1
862 375 1
842 185 1
816 160 1
461 344 3
341 323 3
187 445 4
207 298 5
454 464 3
406 649 3
440 392 3
856 383 1
873 624 0
501 438 3
508 244 3
282 180 5
409 321 3
478 401 3
390 563 3
800 385 1
848 321 1
969 450 1
895 451 1
231 419 4
183 445 4
449 581 3
392 572 3
383 686 3
384 638 3
434 623 3
482 633 3
546 633 3
402 741 3
386 689 3
391 617 3
197 521 4
187 448 4
189 517 4
183 461 4
183 712 4
886 387 1
855 339 1
968 485 1
808 603 0
390 578 3
524 592 3
582 593 3
389 620 3
448 627 3
398 615 3
210 275 5
246 269 5
184 288 5
180 193 5
305 199 5
245 286 5
209 275 5
247 273 5
185 290 5
253 294 5
201 311 5
911 296 1
889 192 1
956 384 1
815 190 1
987 469 1
942 509 1
790 597 0
579 313 3
531 266 3
241 180 5
195 134 5
277 109 5
320 141 5
909 170 1
824 342 1
835 342 1
833 464 1
888 744 0
860 816 0
827 832 0
929 889 0
976 894 0
384 885 2
422 885 2
172 537 4
448 451 3
455 486 3
510 482 3
540 243 3
405 306 3
377 334 3
244 211 5
202 237 5
226 77 5
292 107 5
911 152 1
411 903 2
923 782 0
412 581 3
386 620 3
400 567 3
346 558 3
368 633 3
409 545 3
476 479 3
404 619 3
366 573 3
403 580 3
441 469 3
448 558 3
414 670 3
370 678 3
369 595 3
443 582 3
522 588 3
582 591 3
577 450 3
554 586 3
549 651 3
474 745 3
382 716 3
378 697 3
415 755 3
966 852 0
772 870 0
876 762 0
467 303 3
509 324 3
525 272 3
565 237 3
551 535 3
905 767 0
950 769 0
839 813 0
912 780 0
949 756 0
411 264 3
246 196 5
562 226 3
561 216 3
487 405 3
418 843 2
403 903 2
224 188 5
254 166 5
316 166 5
234 251 5
226 173 5
969 371 1
962 495 1
622 413 3
553 204 3
243 203 5
565 225 3
470 209 3
603 229 3
515 283 3
401 282 3
474 274 3
554 285 3
598 276 3
643 283 3
642 277 3
604 418 3
484 392 3
399 427 3
455 610 3
403 561 3
384 491 3
485 537 3
878 685 0
904 778 0
893 864 0
821 871 0
839 765 0
828 848 0
804 688 0
857 694 0
415 752 3
854 668 0
910 757 0
953 766 0
842 751 0
875 426 1
288 196 5
230 192 5
195 203 5
242 193 5
437 471 3
186 726 4
224 719 4
177 522 4
168 480 4
231 170 5
250 204 5
673 389 3
929 431 1
826 461 1
393 519 3
218 237 5
234 308 5
224 241 5
219 179 5
254 234 5
423 459 3
787 722 0
808 607 0
923 922 0
809 924 0
854 901 0
811 872 0
450 394 3
407 879 2
443 870 2
193 708 4
964 927 0
813 182 1
860 370 1
812 347 1
494 435 3
231 136 5
227 261 5
538 253 3
258 97 5
303 130 5
185 319 5
522 358 3
860 270 1
780 209 1
866 407 1
893 363 1
819 364 1
838 694 0
785 608 0
800 740 0
785 618 0
801 746 0
766 717 0
804 712 0
755 711 0
784 841 0
833 840 0
960 873 0
391 737 3
397 363 3
499 251 3
375 344 3
440 338 3
391 338 3
462 338 3
525 338 3
593 340 3
357 339 3
484 285 3
528 255 3
180 220 5
170 272 5
498 345 3
173 286 5
169 215 5
157 285 5
183 481 4
183 404 4
179 433 4
430 867 2
215 56 5
256 81 5
314 111 5
865 145 1
795 177 1
790 193 1
915 374 1
825 364 1
438 532 3
384 585 3
399 870 2
857 682 0
925 338 1
840 342 1
794 207 1
513 336 3
252 93 5
459 434 3
414 463 3
865 418 1
852 317 1
491 247 3
561 315 3
800 175 1
389 292 3
406 351 3
975 629 1
910 758 0
835 853 0
836 763 0
841 797 0
823 838 0
798 692 0
387 871 2
427 888 2
958 912 0
842 888 0
877 488 1
838 388 1
852 328 1
946 491 1
834 428 1
854 314 1
918 456 1
871 377 1
479 436 3
935 443 1
927 386 1
857 219 1
201 496 4
214 233 5
226 177 5
532 671 3
604 431 3
897 151 1
802 179 1
322 110 5
191 595 4
199 630 4
206 715 4
434 337 3
198 452 4
921 885 0
822 881 0
819 604 0
460 705 3
399 721 3
401 904 2
442 898 2
605 434 3
903 168 1
824 177 1
864 179 1
783 179 1
540 342 3
475 424 3
422 306 3
256 70 5
529 376 3
881 401 1
931 706 0
927 830 0
410 504 3
400 456 3
633 432 3
545 250 3
276 209 5
788 587 0
894 781 0
780 696 0
821 695 0
776 693 0
847 694 0
806 696 0
846 701 0
595 292 3
894 759 0
881 722 0
846 700 0
583 283 3
851 683 0
873 735 0
969 893 0
854 700 0
804 847 0
847 686 0
579 281 3
554 249 3
838 652 0
848 698 0
896 737 0
847 703 0
906 748 0
908 738 0
918 701 0
967 611 1
558 465 3
515 441 3
557 248 3
564 319 3
396 322 3
486 328 3
579 332 3
643 330 3
564 257 3
620 333 3
540 326 3
400 318 3
481 318 3
516 324 3
573 326 3
528 226 3
612 226 3
400 322 3
466 313 3
530 320 3
568 331 3
642 333 3
579 342 3
968 504 1
578 431 3
396 246 3
425 335 3
410 270 3
303 65 5
521 319 3
394 298 3
211 149 5
188 199 5
190 252 5
234 250 5
564 235 3
386 284 3
204 258 5
266 96 5
815 159 1
322 196 5
493 319 3
428 310 3
390 439 3
465 418 3
855 436 1
939 463 1
808 685 0
817 603 0
823 602 0
834 824 0
839 878 0
519 401 3
503 433 3
427 861 2
273 193 5
291 87 5
274 263 5
373 308 3
512 290 3
796 228 1
807 154 1
554 204 3
446 281 3
565 322 3
486 188 3
469 270 3
606 291 3
430 297 3
560 281 3
654 271 3
825 162 1
598 313 3
588 440 3
212 426 4
207 395 4
234 217 5
234 179 5
871 293 1
842 332 1
804 309 1
451 223 3
520 434 3
563 321 3
425 305 3
266 219 5
448 432 3
430 480 3
407 423 3
902 326 1
844 191 1
278 181 5
206 191 5
516 232 3
211 232 5
251 269 5
208 284 5
233 146 5
319 133 5
523 237 3
335 136 5
526 216 3
922 391 1
840 409 1
844 761 0
790 707 0
833 803 0
801 868 0
468 738 3
886 847 0
854 914 0
908 908 0
204 586 4
201 232 5
190 268 5
244 264 5
225 210 5
179 210 5
200 166 5
247 170 5
186 170 5
253 172 5
259 292 5
595 309 3
896 249 1
880 187 1
823 182 1
550 231 3
415 309 3
162 523 4
480 430 3
606 449 3
398 598 3
400 643 3
409 601 3
358 573 3
455 618 3
469 581 3
527 615 3
552 611 3
482 505 3
199 556 4
850 879 0
972 814 0
679 378 3
638 319 3
888 182 1
474 217 3
398 319 3
459 316 3
556 310 3
602 322 3
645 327 3
554 272 3
666 363 3
636 342 3
808 226 1
437 284 3
544 256 3
444 298 3
593 315 3
479 322 3
405 320 3
408 480 3
529 538 3
537 289 3
422 405 3
391 319 3
321 81 5
305 119 5
461 351 3
505 425 3
420 373 3
474 228 3
272 109 5
214 103 5
246 63 5
311 117 5
465 228 3
629 347 3
467 435 3
552 256 3
832 774 0
874 756 0
804 836 0
274 240 5
448 695 3
506 500 3
540 489 3
477 405 3
389 405 3
886 749 0
928 766 0
960 240 1
909 191 1
960 824 0
915 914 0
826 793 0
795 852 0
935 819 0
819 837 0
542 270 3
525 286 3
398 327 3
487 344 3
485 409 3
583 462 3
585 452 3
564 484 3
384 444 3
228 223 5
184 599 4
398 857 2
445 892 2
173 592 4
181 712 4
180 705 4
182 500 4
190 431 4
489 612 3
586 337 3
841 335 1
875 135 1
794 218 1
475 213 3
564 272 3
498 298 3
405 310 3
529 240 3
468 319 3
391 326 3
469 320 3
568 337 3
623 346 3
542 276 3
550 481 3
519 421 3
530 215 3
412 300 3
516 316 3
642 327 3
531 198 3
261 177 5
210 207 5
873 260 1
970 885 0
490 248 3
450 326 3
393 303 3
473 371 3
504 416 3
602 330 3
410 301 3
533 210 3
404 304 3
540 315 3
629 328 3
439 309 3
388 308 3
507 214 3
405 383 3
252 195 5
194 175 5
892 863 0
971 880 0
903 492 1
951 514 1
918 836 0
514 225 3
456 304 3
192 484 4
929 176 1
833 244 1
527 358 3
512 423 3
500 370 3
506 236 3
536 207 3
479 322 3
296 190 5
229 233 5
267 247 5
550 313 3
418 299 3
844 850 0
791 805 0
786 740 0
897 776 0
984 835 0
965 894 0
801 868 0
845 858 0
887 775 0
941 855 0
842 852 0
932 872 0
967 872 0
831 868 0
900 872 0
824 857 0
898 848 0
946 853 0
897 775 0
614 457 3
522 353 3
451 323 3
520 153 3
473 449 3
523 158 3
465 370 3
408 442 3
596 386 3
484 383 3
510 435 3
654 415 3
250 253 5
569 440 3
854 486 1
556 437 3
646 420 3
855 431 1
609 442 3
884 388 1
824 398 1
819 301 1
849 339 1
955 346 1
930 436 1
825 313 1
867 314 1
821 147 1
260 164 5
196 197 5
543 491 3
907 746 0
806 619 0
799 572 0
460 440 3
381 528 3
389 640 3
425 518 3
509 519 3
584 523 3
486 522 3
366 508 3
548 505 3
504 520 3
203 484 4
183 716 4
211 162 5
210 120 5
302 77 5
337 91 5
293 78 5
277 73 5
318 89 5
342 91 5
821 161 1
536 205 3
420 300 3
542 297 3
604 305 3
884 886 0
810 880 0
407 862 2
454 875 2
200 452 4
453 456 3
389 461 3
673 387 3
588 414 3
212 142 5
567 223 3
419 325 3
499 293 3
398 324 3
610 489 3
938 335 1
878 241 1
828 207 1
513 568 3
206 579 4
205 261 5
170 551 4
185 460 4
209 503 4
197 580 4
939 495 1
899 429 1
848 670 0
513 245 3
540 319 3
400 325 3
403 400 3
500 423 3
775 217 1
270 185 5
189 149 5
233 75 5
257 203 5
843 594 0
874 827 0
422 837 2
180 593 4
456 557 3
384 552 3
198 557 4
189 519 4
185 580 4
175 671 4
880 320 1
823 217 1
191 401 4
186 463 4
185 437 4
187 484 4
448 561 3
564 561 3
304 238 5
527 335 3
562 240 3
503 340 3
427 327 3
384 326 3
916 199 1
929 163 1
181 452 4
195 472 4
456 486 3
872 279 1
871 187 1
829 206 1
500 377 3
496 445 3
408 538 3
594 550 3
364 267 3
257 284 5
503 238 3
499 313 3
398 320 3
947 208 1
899 330 1
943 799 0
959 750 0
842 692 0
986 842 0
466 637 3
186 485 4
363 310 3
365 483 3
372 530 3
342 538 3
493 184 3
531 201 3
410 285 3
466 268 3
534 307 3
579 305 3
625 311 3
635 274 3
649 333 3
185 181 5
939 343 1
875 277 1
828 275 1
787 214 1
219 255 5
161 261 5
199 253 5
231 224 5
207 268 5
254 250 5
229 277 5
180 234 5
254 185 5
256 138 5
914 215 1
809 208 1
830 169 1
887 307 1
834 308 1
948 371 1
843 420 1
867 287 1
829 299 1
869 269 1
843 307 1
917 273 1
885 319 1
891 275 1
910 329 1
962 406 1
964 492 1
970 508 1
999 481 1
971 522 1
900 671 0
790 619 0
798 578 0
383 425 3
384 487 3
160 665 4
186 706 4
499 362 3
415 385 3
480 205 3
542 214 3
420 284 3
965 481 1
830 125 1
509 410 3
216 611 4
187 573 4
194 387 4
231 396 4
197 433 4
899 738 0
965 907 0
836 876 0
936 883 0
865 925 0
995 905 0
964 922 0
960 407 1
858 325 1
851 368 1
908 367 1
966 394 1
569 200 3
536 223 3
404 305 3
527 297 3
606 298 3
642 302 3
301 122 5
336 124 5
217 127 5
338 124 5
233 139 5
300 108 5
244 96 5
296 101 5
212 289 5
231 204 5
929 145 1
429 908 2
417 871 2
178 623 4
178 586 4
178 626 4
835 392 1
949 378 1
582 401 3
807 215 1
- - - - -