784 764 4
766 455 0
415 432 7
804 428 0
802 780 4
808 373 0
406 450 7
774 361 0
785 442 0
772 333 0
386 503 7
749 290 0
586 70 1
542 39 1
393 296 6
277 514 8
285 509 8
405 459 7
277 512 8
214 786 3
251 776 3
307 482 8
413 447 7
406 501 7
448 504 7
429 468 7
796 461 0
926 822 2
444 493 7
780 461 0
715 808 4
535 803 5
635 105 1
712 30 1
539 10 1
505 21 1
288 20 1
213 35 1
740 30 1
805 31 1
717 37 1
631 30 1
699 31 1
796 379 0
755 759 4
713 743 4
748 750 4
962 763 2
999 762 2
775 784 4
458 728 5
509 737 5
789 363 0
299 311 6
412 449 7
834 233 0
451 353 6
454 306 6
854 371 0
874 233 0
859 198 0
950 816 2
303 341 6
427 346 6
818 264 0
847 471 0
343 493 8
436 490 7
771 793 4
978 788 2
822 138 1
837 104 1
777 761 4
845 153 1
937 797 2
492 770 5
289 780 3
398 458 7
386 359 6
427 468 7
411 526 7
453 529 7
422 469 7
404 537 7
416 476 7
457 475 7
392 472 7
809 279 0
882 214 0
824 166 0
923 41 1
836 275 0
936 768 2
723 754 4
803 332 0
834 192 0
492 734 5
256 768 3
280 527 8
292 329 6
426 310 6
438 15 1
806 53 1
514 72 1
387 37 1
602 59 1
710 59 1
365 38 1
706 301 0
823 283 0
863 244 0
431 507 7
462 528 7
315 524 8
418 524 7
261 728 3
409 523 7
771 407 0
396 513 7
445 538 7
300 555 8
416 531 7
428 510 7
305 538 8
448 547 7
457 734 5
428 511 7
446 492 7
444 511 7
425 326 6
325 323 6
542 44 1
857 780 2
973 766 2
345 38 1
659 20 1
618 22 1
517 12 1
725 17 1
713 24 1
722 49 1
823 38 1
719 43 1
712 11 1
776 309 0
757 356 0
376 471 7
780 560 0
753 799 4
843 259 0
821 220 0
371 307 6
809 320 0
406 460 7
412 519 7
273 536 8
312 486 8
490 767 5
513 715 5
723 734 4
758 716 4
998 737 2
933 730 2
817 264 0
437 453 7
834 399 0
644 725 4
715 729 4
260 711 3
289 497 8
295 534 8
445 529 7
303 526 8
443 481 7
411 507 7
275 527 8
294 532 8
414 532 7
462 527 7
412 529 7
296 487 8
437 526 7
427 488 7
414 532 7
418 482 7
302 538 8
818 468 0
780 736 4
748 762 4
746 724 4
994 726 2
846 246 0
534 711 5
591 44 1
508 34 1
723 52 1
394 521 7
760 767 4
367 258 6
398 332 6
841 449 0
460 499 7
514 788 5
780 756 4
550 787 5
668 87 1
634 23 1
661 784 4
769 780 4
535 797 5
960 764 2
462 748 5
305 758 3
260 750 3
392 485 7
417 521 7
751 764 4
530 760 5
743 766 4
782 756 4
984 763 2
816 125 1
769 72 1
642 52 1
565 56 1
339 749 3
255 766 3
387 505 7
446 523 7
296 523 8
440 523 7
439 487 7
440 460 7
304 483 8
515 733 5
731 736 4
334 722 3
256 736 3
972 745 2
846 350 0
399 479 7
366 270 6
441 25 1
537 5 1
630 6 1
763 21 1
706 44 1
352 300 6
711 304 0
328 296 6
417 495 7
383 494 7
374 300 6
874 393 0
676 703 4
741 418 0
784 727 4
557 732 5
751 716 4
962 801 2
658 771 4
736 527 0
779 797 4
950 779 2
771 789 4
714 740 4
557 728 5
518 727 5
255 733 3
768 247 0
840 35 1
925 43 1
505 38 1
632 50 1
725 44 1
938 70 1
778 802 4
757 734 4
518 737 5
407 512 7
645 130 1
430 440 7
429 522 7
420 477 7
436 468 7
428 508 7
421 534 7
448 495 7
768 507 0
386 490 7
295 528 8
455 506 7
390 488 7
396 482 7
403 313 6
312 263 6
406 504 7
746 302 0
402 287 6
596 63 1
379 45 1
766 61 1
599 56 1
724 78 1
681 121 1
393 29 1
307 23 1
657 18 1
851 30 1
403 483 7
373 345 6
424 366 6
752 776 4
970 772 2
793 796 4
918 805 2
412 540 7
458 776 5
540 805 5
593 25 1
798 39 1
890 50 1
385 26 1
514 63 1
813 358 0
847 58 1
601 21 1
963 761 2
748 761 4
263 755 3
254 770 3
324 775 3
193 786 3
267 766 3
414 508 7
294 556 8
448 560 7
436 501 7
386 513 7
429 541 7
475 524 7
447 495 7
420 539 7
461 498 7
442 536 7
450 493 7
455 550 7
444 483 7
411 522 7
452 522 7
461 485 7
418 486 7
474 486 7
369 288 6
419 325 6
311 325 6
343 330 6
440 350 6
353 360 6
341 302 6
428 351 6
795 443 0
502 53 1
367 66 1
424 68 1
642 57 1
729 62 1
769 69 1
718 69 1
808 73 1
725 66 1
809 82 1
723 75 1
856 85 1
722 80 1
832 87 1
860 140 1
769 248 0
707 71 1
865 74 1
795 86 1
798 397 0
921 806 2
384 326 6
420 504 7
763 726 4
549 686 5
960 799 2
730 770 4
774 756 4
305 761 3
741 521 0
343 500 8
405 505 7
393 544 7
281 553 8
447 574 7
394 564 7
279 548 8
429 560 7
444 517 7
425 449 7
440 570 7
416 529 7
983 810 2
984 756 2
789 515 0
347 515 8
278 544 8
264 786 3
503 775 5
247 741 3
229 825 3
240 783 3
254 748 3
522 763 5
230 744 3
316 334 6
398 330 6
252 665 3
272 712 3
478 60 1
273 34 1
449 33 1
497 42 1
573 56 1
620 63 1
713 54 1
394 90 1
707 49 1
470 17 1
282 685 3
692 755 4
952 758 2
765 99 1
700 66 1
400 283 6
709 708 4
471 486 7
847 443 0
835 333 0
752 777 4
1019 804 2
763 291 0
396 473 7
352 13 1
420 482 7
376 342 6
323 331 6
327 523 8
275 513 8
462 533 7
287 520 8
326 530 8
453 531 7
308 522 8
424 539 7
466 534 7
462 499 7
452 463 7
442 317 6
448 497 7
403 532 7
941 786 2
984 742 2
428 487 7
928 755 2
400 267 6
668 3 1
595 32 1
636 38 1
723 44 1
895 51 1
937 55 1
867 11 1
707 42 1
747 347 0
412 440 7
292 509 8
275 833 3
502 807 5
511 744 5
751 410 0
424 469 7
430 507 7
295 506 8
386 73 1
400 28 1
301 511 8
409 527 7
467 516 7
421 528 7
440 471 7
448 511 7
523 783 5
511 739 5
731 754 4
262 748 3
930 788 2
972 761 2
727 748 4
538 734 5
501 736 5
816 424 0
836 172 0
791 757 4
810 113 1
650 45 1
377 89 1
396 328 6
433 474 7
403 513 7
457 515 7
574 770 5
511 724 5
253 771 3
402 474 7
448 455 7
813 455 0
719 738 4
678 732 4
344 512 8
287 512 8
335 301 6
341 325 6
433 317 6
291 316 6
572 36 1
490 34 1
606 32 1
493 32 1
717 40 1
515 34 1
704 30 1
809 36 1
926 30 1
726 37 1
791 273 0
336 65 1
361 277 6
447 462 7
691 726 4
753 260 0
438 51 1
380 365 6
426 476 7
391 449 7
302 503 8
263 751 3
292 730 3
768 254 0
783 79 1
348 496 8
311 515 8
447 503 7
446 455 7
439 504 7
430 458 7
279 504 8
432 452 7
305 500 8
802 403 0
276 532 8
667 719 4
972 730 2
500 712 5
274 737 3
329 13 1
494 19 1
709 46 1
287 284 6
432 288 6
805 307 0
331 335 6
325 346 6
416 502 7
639 745 4
682 756 4
329 724 3
251 728 3
546 53 1
593 110 1
970 837 2
971 766 2
708 752 4
489 713 5
265 715 3
714 737 4
779 752 4
951 753 2
483 717 5
247 706 3
182 730 3
231 739 3
289 719 3
337 734 3
231 797 3
550 773 5
758 817 4
753 755 4
715 747 4
770 748 4
691 727 4
739 727 4
407 126 1
389 380 6
400 129 1
630 128 1
599 145 1
724 137 1
815 137 1
688 134 1
600 136 1
822 132 1
453 129 1
389 126 1
493 127 1
404 110 1
477 123 1
586 133 1
270 111 1
330 121 1
386 122 1
505 695 5
744 744 4
945 760 2
982 766 2
1029 758 2
427 575 7
399 527 7
276 533 8
437 535 7
397 523 7
411 567 7
428 503 7
429 480 7
340 516 8
265 528 8
306 532 8
282 754 3
266 690 3
710 744 4
522 723 5
528 709 5
690 735 4
774 725 4
311 731 3
243 706 3
380 106 1
498 117 1
391 117 1
601 118 1
694 123 1
598 121 1
703 120 1
967 794 2
975 734 2
801 293 0
859 267 0
847 204 0
359 273 6
428 460 7
460 494 7
706 750 4
943 804 2
981 734 2
860 277 0
963 35 1
878 58 1
950 65 1
741 410 0
822 86 1
567 61 1
709 37 1
399 56 1
230 793 3
488 769 5
690 757 4
400 478 7
387 329 6
401 455 7
411 539 7
409 498 7
424 531 7
393 554 7
437 510 7
417 553 7
459 517 7
415 511 7
289 514 8
454 487 7
707 742 4
972 797 2
368 523 7
291 530 8
791 534 0
790 182 0
320 301 6
406 279 6
301 287 6
388 44 1
292 37 1
442 43 1
503 41 1
540 40 1
416 33 1
734 54 1
696 54 1
919 53 1
701 53 1
823 368 0
366 271 6
311 273 6
430 463 7
816 372 0
780 291 0
835 9 1
333 295 6
516 0 1
809 423 0
413 473 7
419 348 6
389 513 7
530 745 5
715 737 4
759 732 4
263 743 3
520 746 5
713 731 4
723 814 4
964 792 2
992 718 2
1025 790 2
525 758 5
718 740 4
987 725 2
747 732 4
439 459 7
397 358 6
339 356 6
431 475 7
317 302 6
345 486 8
294 511 8
300 307 6
371 312 6
450 347 6
456 346 6
314 287 6
446 483 7
392 467 7
299 510 8
419 505 7
290 505 8
263 746 3
485 730 5
397 519 7
805 458 0
343 514 8
298 514 8
334 506 8
449 508 7
413 505 7
463 513 7
448 457 7
414 513 7
433 468 7
324 291 6
364 304 6
786 388 0
431 489 7
505 750 5
722 727 4
980 729 2
545 731 5
1005 724 2
712 702 4
267 752 3
203 756 3
709 396 0
746 397 0
600 117 1
602 80 1
263 15 1
483 94 1
603 30 1
835 21 1
386 109 1
759 277 0
367 363 6
413 467 7
383 275 6
803 324 0
789 296 0
739 285 0
400 475 7
311 306 6
423 287 6
759 525 0
595 761 4
534 750 5
725 754 4
1005 758 2
937 803 2
346 775 3
271 760 3
528 743 5
503 811 5
738 794 4
706 738 4
981 828 2
487 808 5
519 727 5
811 464 0
762 401 0
404 512 7
742 800 4
933 836 2
249 721 3
751 754 4
699 731 4
513 727 5
268 739 3
496 726 5
971 739 2
511 687 5
388 499 7
788 428 0
774 223 0
988 801 2
988 741 2
702 724 4
704 796 4
492 807 5
491 733 5
500 720 5
724 762 4
699 733 4
240 746 3
531 789 5
990 803 2
714 749 4
774 377 0
792 170 0
828 82 1
731 40 1
687 41 1
847 414 0
437 440 7
366 367 6
292 539 8
416 539 7
402 535 7
462 537 7
431 489 7
464 535 7
407 530 7
798 525 0
434 505 7
825 497 0
760 426 0
461 531 7
786 411 0
743 739 4
528 730 5
365 497 7
303 495 8
820 330 0
413 351 6
805 370 0
762 252 0
948 767 2
730 746 4
678 729 4
513 722 5
245 750 3
287 745 3
255 838 3
735 733 4
996 738 2
740 732 4
341 516 8
270 545 8
766 268 0
759 45 1
501 43 1
290 44 1
558 35 1
488 43 1
582 49 1
648 48 1
715 49 1
809 50 1
916 48 1
794 47 1
697 42 1
804 48 1
500 45 1
599 39 1
708 46 1
781 178 0
450 56 1
362 45 1
699 56 1
724 428 0
769 297 0
391 291 6
316 295 6
422 459 7
812 369 0
467 515 7
423 490 7
400 524 7
780 495 0
796 315 0
723 733 4
781 731 4
986 730 2
493 702 5
528 712 5
502 753 5
264 700 3
690 741 4
741 788 4
980 733 2
923 798 2
532 764 5
497 703 5
270 702 3
389 472 7
441 473 7
330 484 8
282 525 8
321 483 8
311 518 8
408 485 7
296 485 8
287 526 8
387 518 7
765 346 0
445 460 7
409 518 7
453 525 7
516 61 1
362 25 1
288 36 1
851 34 1
815 36 1
829 511 0
737 704 4
705 721 4
508 707 5
225 835 3
254 687 3
789 332 0
799 538 0
881 362 0
830 244 0
790 328 0
811 295 0
750 373 0
799 314 0
889 308 0
812 388 0
960 760 2
835 0 1
721 6 1
509 4 1
600 9 1
291 100 1
339 492 8
298 528 8
385 516 7
426 523 7
263 738 3
416 488 7
750 742 4
706 725 4
996 733 2
957 770 2
448 539 7
443 491 7
707 730 4
520 719 5
983 722 2
730 724 4
531 698 5
234 699 3
325 54 1
427 11 1
498 29 1
589 35 1
711 32 1
623 28 1
712 28 1
620 36 1
699 32 1
671 18 1
728 27 1
422 9 1
355 24 1
443 12 1
521 25 1
617 32 1
716 36 1
790 38 1
259 72 1
258 74 1
747 53 1
765 785 4
738 731 4
833 453 0
800 430 0
874 380 0
895 37 1
812 35 1
330 276 6
524 783 5
773 798 4
721 749 4
953 767 2
392 487 7
334 290 6
337 516 8
567 65 1
504 28 1
940 42 1
896 19 1
770 437 0
679 754 4
959 771 2
473 756 5
294 23 1
328 313 6
435 559 7
410 523 7
405 564 7
282 554 8
321 555 8
439 549 7
424 545 7
397 536 7
309 549 8
264 552 8
315 545 8
326 329 6
418 290 6
503 779 5
711 761 4
638 88 1
591 34 1
707 24 1
447 21 1
400 23 1
497 26 1
708 25 1
312 109 1
792 275 0
313 349 6
324 300 6
429 515 7
327 332 6
374 360 6
435 374 6
572 763 5
276 760 3
878 787 2
941 766 2
698 754 4
416 514 7
323 327 6
395 356 6
352 294 6
406 365 6
542 93 1
784 361 0
301 495 8
393 361 6
283 537 8
317 525 8
260 537 8
293 511 8
336 487 8
396 532 7
463 553 7
425 548 7
420 510 7
428 540 7
427 503 7
410 539 7
421 503 7
444 375 6
295 319 6
436 294 6
312 272 6
443 320 6
429 549 7
724 427 0
789 92 1
579 57 1
610 85 1
935 62 1
950 798 2
956 755 2
918 757 2
644 758 4
242 702 3
244 705 3
315 77 1
353 265 6
614 54 1
445 63 1
490 87 1
399 87 1
288 66 1
505 99 1
297 733 3
279 670 3
519 54 1
618 71 1
875 47 1
930 53 1
761 68 1
718 69 1
517 104 1
520 65 1
504 103 1
475 118 1
263 697 3
687 102 1
716 45 1
233 684 3
230 722 3
221 756 3
651 146 1
890 108 1
495 43 1
337 43 1
357 266 6
313 266 6
821 247 0
856 446 0
425 485 7
430 383 6
428 324 6
348 322 6
798 355 0
454 473 7
864 400 0
297 34 1
392 309 6
444 322 6
352 353 6
449 365 6
414 359 6
349 349 6
462 496 7
428 346 6
374 342 6
372 509 7
814 498 0
975 761 2
744 757 4
502 753 5
552 744 5
301 746 3
437 532 7
441 549 7
442 521 7
464 546 7
382 340 6
451 343 6
479 515 7
552 767 5
752 751 4
1004 756 2
298 749 3
516 741 5
283 757 3
385 545 7
322 328 6
560 80 1
594 132 1
390 30 1
295 42 1
410 63 1
494 104 1
809 102 1
856 81 1
929 35 1
806 85 1
735 48 1
616 109 1
736 38 1
695 91 1
606 89 1
824 69 1
886 60 1
773 785 4
993 775 2
759 762 4
709 772 4
818 758 4
286 754 3
527 753 5
292 754 3
729 496 0
730 360 0
429 335 6
569 109 1
682 65 1
815 4 1
716 57 1
619 53 1
581 85 1
462 123 1
402 40 1
500 43 1
332 4 1
208 52 1
700 68 1
756 29 1
687 81 1
335 737 3
734 137 1
265 556 8
420 506 7
711 386 0
360 286 6
432 281 6
499 67 1
261 38 1
345 303 6
770 322 0
891 781 2
664 146 1
919 44 1
504 47 1
298 84 1
415 380 6
512 743 5
371 491 7
375 319 6
329 75 1
384 49 1
475 50 1
859 47 1
821 53 1
297 780 3
442 303 6
360 332 6
412 455 7
422 490 7
407 543 7
282 538 8
416 546 7
419 506 7
411 546 7
301 538 8
393 523 7
438 550 7
499 722 5
977 776 2
645 762 4
495 734 5
234 736 3
523 802 5
517 687 5
260 731 3
221 739 3
254 850 3
243 745 3
410 54 1
594 47 1
500 57 1
583 64 1
694 71 1
698 54 1
316 62 1
704 61 1
502 30 1
654 93 1
695 64 1
838 148 1
694 49 1
323 495 8
348 306 6
804 341 0
691 755 4
486 736 5
199 771 3
377 92 1
334 317 6
353 514 7
376 549 7
265 550 8
393 551 7
428 544 7
400 510 7
430 548 7
415 496 7
408 476 7
401 525 7
285 560 8
281 570 8
614 12 1
732 25 1
697 328 0
342 271 6
694 725 4
531 725 5
354 291 6
426 476 7
384 493 7
325 483 8
427 484 7
431 544 7
461 500 7
425 487 7
470 508 7
783 373 0
841 299 0
447 491 7
420 541 7
436 503 7
400 546 7
288 545 8
431 533 7
755 733 4
321 515 8
269 533 8
304 542 8
326 508 8
453 534 7
418 541 7
284 542 8
680 780 4
713 732 4
518 737 5
776 734 4
274 724 3
271 771 3
251 803 3
264 736 3
185 767 3
283 816 3
259 733 3
250 817 3
691 116 1
275 735 3
248 818 3
216 754 3
292 765 3
259 731 3
231 761 3
676 756 4
299 802 3
232 835 3
502 801 5
808 440 0
317 295 6
436 311 6
291 316 6
808 374 0
408 490 7
318 304 6
356 368 6
361 39 1
363 364 6
296 282 6
317 5 1
696 67 1
579 21 1
321 309 6
750 406 0
694 753 4
273 743 3
378 269 6
446 363 6
395 524 7
296 749 3
512 748 5
471 750 5
715 745 4
982 741 2
939 77 1
716 6 1
489 0 1
378 10 1
803 223 0
585 771 5
503 761 5
713 756 4
771 758 4
979 750 2
241 778 3
502 767 5
735 799 4
699 739 4
782 754 4
751 801 4
499 785 5
491 719 5
407 469 7
729 442 0
328 308 6
334 351 6
382 555 7
454 569 7
401 565 7
263 562 8
304 558 8
427 563 7
408 559 7
457 564 7
430 510 7
448 548 7
413 560 7
433 521 7
304 552 8
311 543 8
274 567 8
432 557 7
471 53 1
866 13 1
419 563 7
289 553 8
481 756 5
755 503 0
876 772 2
724 746 4
806 525 0
328 309 6
811 263 0
844 293 0
911 28 1
775 7 1
304 23 1
417 0 1
568 0 1
733 775 4
762 349 0
839 274 0
864 227 0
845 268 0
551 791 5
506 757 5
716 758 4
835 354 0
751 747 4
980 744 2
892 278 0
864 465 0
462 514 7
809 326 0
916 754 2
918 799 2
866 361 0
846 211 0
896 30 1
577 46 1
782 53 1
330 53 1
279 63 1
349 98 1
368 64 1
331 80 1
207 40 1
322 78 1
263 18 1
488 34 1
383 69 1
727 454 0
389 299 6
306 289 6
307 781 3
983 771 2
760 732 4
769 460 0
730 750 4
430 460 7
498 744 5
284 713 3
755 466 0
499 746 5
741 741 4
700 740 4
411 467 7
751 346 0
382 273 6
807 295 0
803 754 4
984 742 2
776 740 4
706 740 4
508 740 5
265 727 3
362 352 6
320 298 6
280 330 6
322 293 6
393 514 7
282 537 8
429 543 7
290 537 8
421 543 7
306 533 8
412 524 7
344 491 8
424 516 7
284 531 8
504 739 5
236 745 3
1007 735 2
246 724 3
486 744 5
261 731 3
724 743 4
508 743 5
209 768 3
325 92 1
302 270 6
527 19 1
349 348 6
303 343 6
430 336 6
484 11 1
807 48 1
956 18 1
819 290 0
696 761 4
795 470 0
840 181 0
382 294 6
347 279 6
872 287 0
811 249 0
837 407 0
387 277 6
834 284 0
396 317 6
315 344 6
316 14 1
584 22 1
227 766 3
247 737 3
521 740 5
949 723 2
730 748 4
972 733 2
644 114 1
610 15 1
812 12 1
545 18 1
488 24 1
611 28 1
394 23 1
794 16 1
711 26 1
688 77 1
718 43 1
714 95 1
714 140 1
465 25 1
742 126 1
693 140 1
742 104 1
236 8 1
661 52 1
714 48 1
767 343 0
751 399 0
313 320 6
879 305 0
893 790 2
969 754 2
732 795 4
240 756 3
221 724 3
377 486 7
401 532 7
294 542 8
432 548 7
436 483 7
431 530 7
387 532 7
427 542 7
420 499 7
425 544 7
430 477 7
439 525 7
426 488 7
418 541 7
296 526 8
266 757 3
314 309 6
799 313 0
439 319 6
339 313 6
231 801 3
222 756 3
792 168 0
764 79 1
215 61 1
326 58 1
588 72 1
701 74 1
920 73 1
731 42 1
718 79 1
704 75 1
714 116 1
698 337 0
395 265 6
785 311 0
701 799 4
403 474 7
412 316 6
813 336 0
439 335 6
488 27 1
850 53 1
925 87 1
801 402 0
512 757 5
282 744 3
379 486 7
446 531 7
450 490 7
438 533 7
436 473 7
461 532 7
448 476 7
440 483 7
550 745 5
282 743 3
283 759 3
795 346 0
823 279 0
794 83 1
749 38 1
504 27 1
295 41 1
382 29 1
500 28 1
609 13 1
494 8 1
707 10 1
696 50 1
843 34 1
701 23 1
710 16 1
393 468 7
391 90 1
855 386 0
832 239 0
576 756 5
809 392 0
433 522 7
384 551 7
289 538 8
375 130 1
377 47 1
324 53 1
558 740 5
791 738 4
998 744 2
314 743 3
262 740 3
363 279 6
777 279 0
298 270 6
443 547 7
448 471 7
456 517 7
313 541 8
280 564 8
519 724 5
255 748 3
962 768 2
659 740 4
485 716 5
324 530 8
280 556 8
275 770 3
201 761 3
555 745 5
506 729 5
755 754 4
958 779 2
833 256 0
804 114 1
707 57 1
829 45 1
358 38 1
305 37 1
441 50 1
612 51 1
502 48 1
610 47 1
505 45 1
517 38 1
348 324 6
404 348 6
378 347 6
316 299 6
402 306 6
371 506 7
240 787 3
530 764 5
477 752 5
369 474 7
384 507 7
721 808 4
971 736 2
674 750 4
246 777 3
480 763 5
291 495 8
429 576 7
406 532 7
410 528 7
288 530 8
379 541 7
253 551 8
467 744 5
756 749 4
965 762 2
681 741 4
238 768 3
686 748 4
732 746 4
965 742 2
275 738 3
229 750 3
495 739 5
636 138 1
629 70 1
677 60 1
415 55 1
374 62 1
668 60 1
418 62 1
463 57 1
677 29 1
777 343 0
354 293 6
418 293 6
818 308 0
379 507 7
746 301 0
326 307 6
786 302 0
358 293 6
522 112 1
956 29 1
490 49 1
750 32 1
668 42 1
814 763 4
703 755 4
269 754 3
513 767 5
1038 764 2
978 761 2
329 532 8
416 552 7
276 545 8
440 553 7
303 566 8
438 555 7
429 507 7
763 339 0
313 303 6
396 513 7
280 549 8
694 742 4
380 533 7
272 543 8
268 753 3
539 747 5
790 744 4
962 745 2
678 755 4
509 117 1
400 272 6
337 358 6
323 519 8
288 549 8
546 53 1
909 25 1
320 20 1
392 307 6
295 294 6
288 554 8
774 388 0
358 269 6
840 276 0
847 150 1
371 311 6
294 329 6
322 275 6
308 349 6
332 264 6
417 39 1
274 29 1
908 25 1
580 41 1
311 262 6
402 281 6
297 347 6
261 760 3
490 749 5
248 767 3
323 102 1
237 46 1
310 51 1
298 272 6
303 43 1
458 42 1
758 30 1
502 40 1
359 279 6
500 46 1
598 44 1
470 40 1
391 37 1
908 47 1
391 39 1
298 283 6
779 430 0
991 749 2
351 41 1
389 53 1
508 54 1
412 366 6
788 427 0
255 753 3
355 313 6
565 45 1
854 91 1
342 345 6
403 461 7
488 772 5
393 499 7
287 530 8
418 522 7
311 501 8
399 515 7
280 557 8
311 498 8
272 548 8
428 511 7
391 545 7
295 551 8
425 558 7
461 564 7
240 843 3
264 752 3
508 763 5
528 789 5
769 812 4
258 745 3
989 738 2
804 299 0
1008 817 2
992 750 2
429 121 1
463 38 1
509 39 1
296 40 1
914 26 1
797 206 0
954 25 1
910 37 1
390 53 1
276 43 1
421 61 1
315 37 1
256 39 1
292 76 1
277 38 1
740 32 1
207 38 1
217 38 1
279 28 1
930 96 1
967 738 2
709 748 4
985 809 2
968 737 2
1001 763 2
286 742 3
535 741 5
734 726 4
720 768 4
673 747 4
419 359 6
823 334 0
339 289 6
863 388 0
410 495 7
428 549 7
1013 744 2
243 803 3
263 741 3
804 406 0
297 809 3
541 759 5
612 40 1
966 33 1
376 529 7
376 269 6
789 333 0
444 509 7
749 747 4
690 772 4
968 750 2
853 393 0
781 300 0
425 376 6
365 280 6
711 768 4
952 752 2
475 761 5
271 744 3
525 760 5
726 796 4
718 753 4
975 746 2
488 760 5
289 754 3
253 737 3
395 496 7
480 757 5
533 762 5
723 770 4
689 758 4
980 737 2
484 766 5
523 757 5
261 752 3
543 745 5
517 814 5
515 820 5
743 803 4
998 816 2
699 796 4
510 769 5
345 338 6
295 332 6
441 355 6
297 295 6
416 320 6
370 513 7
256 808 3
260 729 3
397 497 7
429 545 7
780 766 4
974 757 2
740 748 4
694 749 4
433 495 7
414 553 7
449 552 7
412 547 7
465 562 7
420 505 7
303 547 8
442 516 7
408 511 7
296 543 8
417 511 7
379 512 7
284 540 8
324 534 8
429 550 7
710 782 4
960 767 2
725 775 4
540 779 5
472 778 5
244 749 3
194 754 3
307 560 8
267 551 8
330 284 6
402 307 6
291 294 6
325 355 6
433 355 6
315 294 6
356 360 6
432 364 6
423 303 6
330 282 6
430 19 1
739 285 0
886 38 1
773 31 1
304 2 1
931 35 1
684 35 1
608 40 1
730 36 1
820 31 1
722 30 1
709 35 1
623 45 1
796 28 1
717 32 1
840 272 0
831 186 0
303 115 1
797 213 0
424 538 7
423 463 7
572 723 5
501 738 5
412 456 7
303 486 8
253 751 3
549 739 5
514 747 5
747 739 4
995 733 2
957 759 2
724 762 4
688 763 4
712 796 4
817 308 0
430 441 7
366 479 7
268 542 8
439 554 7
717 803 4
731 752 4
982 743 2
313 765 3
241 759 3
389 510 7
383 557 7
268 548 8
378 534 7
423 543 7
290 554 8
388 550 7
277 557 8
321 552 8
428 569 7
285 551 8
281 774 3
505 751 5
377 301 6
429 325 6
569 747 5
509 748 5
751 746 4
782 271 0
671 60 1
741 33 1
833 33 1
812 148 1
771 288 0
447 335 6
814 230 0
832 190 0
760 789 4
725 761 4
967 759 2
264 746 3
241 770 3
797 185 0
313 332 6
413 19 1
279 18 1
289 21 1
393 23 1
485 19 1
586 21 1
684 34 1
788 26 1
697 28 1
793 40 1
938 35 1
898 44 1
705 18 1
474 104 1
341 273 6
337 328 6
738 397 0
698 360 0
377 350 6
757 431 0
410 460 7
409 461 7
317 312 6
785 376 0
742 789 4
683 702 4
746 750 4
935 774 2
395 503 7
344 500 8
424 516 7
463 526 7
417 521 7
431 476 7
293 502 8
437 477 7
434 486 7
372 321 6
799 434 0
732 826 4
553 734 5
276 674 3
336 144 1
359 86 1
318 75 1
508 71 1
643 82 1
699 91 1
381 290 6
647 109 1
699 95 1
708 80 1
796 366 0
354 269 6
535 705 5
239 772 3
393 461 7
432 491 7
703 772 4
719 250 0
837 73 1
799 67 1
412 69 1
619 64 1
716 102 1
818 78 1
766 82 1
686 77 1
697 764 4
950 765 2
252 749 3
242 701 3
260 704 3
364 318 6
326 298 6
289 330 6
423 341 6
321 485 8
276 530 8
412 507 7
277 538 8
432 515 7
396 535 7
297 525 8
266 738 3
345 489 8
424 525 7
460 518 7
433 489 7
409 545 7
425 493 7
353 490 7
311 488 8
440 382 6
439 473 7
429 452 7
435 499 7
279 775 3
245 736 3
239 689 3
472 70 1
377 62 1
458 61 1
533 70 1
488 80 1
487 78 1
565 71 1
494 72 1
653 71 1
688 81 1
749 425 0
786 396 0
691 737 4
372 469 7
757 292 0
766 51 1
849 303 0
507 760 5
713 750 4
286 753 3
414 525 7
286 517 8
394 490 7
394 554 7
400 454 7
402 500 7
408 461 7
512 22 1
561 5 1
440 568 7
437 526 7
312 59 1
308 6 1
690 7 1
766 259 0
416 313 6
723 715 4
757 296 0
800 364 0
388 456 7
443 475 7
697 423 0
467 489 7
418 542 7
417 493 7
426 536 7
429 482 7
747 414 0
452 479 7
781 765 4
700 747 4
548 739 5
749 737 4
995 732 2
631 50 1
250 810 3
249 738 3
250 3 1
337 15 1
438 11 1
541 16 1
609 18 1
506 22 1
592 28 1
703 33 1
746 58 1
692 36 1
449 333 6
321 300 6
824 304 0
467 62 1
229 65 1
288 286 6
854 269 0
666 717 4
770 726 4
250 709 3
230 708 3
533 709 5
384 520 7
270 710 3
1021 739 2
396 469 7
396 374 6
762 697 4
757 247 0
812 153 1
810 67 1
230 55 1
327 61 1
724 781 4
796 737 4
750 712 4
530 702 5
1011 756 2
445 528 7
400 547 7
467 544 7
429 533 7
466 536 7
429 497 7
392 535 7
430 532 7
304 542 8
315 488 8
424 482 7
300 525 8
785 454 0
649 742 4
333 518 8
411 534 7
425 490 7
311 492 8
280 549 8
298 796 3
536 744 5
250 716 3
306 70 1
430 75 1
491 59 1
358 53 1
597 64 1
697 60 1
613 61 1
707 59 1
716 62 1
913 64 1
711 69 1
934 757 2
741 776 4
682 732 4
258 662 3
575 747 5
368 359 6
1045 774 2
1046 715 2
752 150 1
699 86 1
352 82 1
306 62 1
251 60 1
911 84 1
733 457 0
341 337 6
431 355 6
294 546 8
402 533 7
288 532 8
450 539 7
391 526 7
416 561 7
417 523 7
398 478 7
428 499 7
418 510 7
253 534 8
269 730 3
219 723 3
517 686 5
856 389 0
381 320 6
534 58 1
931 94 1
367 72 1
237 83 1
712 95 1
584 87 1
842 97 1
799 102 1
517 91 1
474 89 1
619 65 1
588 87 1
711 88 1
816 79 1
696 87 1
691 101 1
325 198 1
212 63 1
704 82 1
701 84 1
584 82 1
627 143 1
297 316 6
366 475 7
764 391 0
249 755 3
789 466 0
696 769 4
1005 730 2
730 750 4
646 42 1
590 42 1
431 27 1
781 74 1
684 62 1
549 47 1
477 60 1
389 463 7
364 513 7
396 529 7
441 528 7
401 474 7
418 535 7
410 495 7
433 464 7
866 459 0
781 379 0
288 516 8
779 737 4
955 750 2
992 732 2
737 733 4
567 41 1
463 30 1
503 46 1
597 51 1
739 48 1
700 69 1
538 88 1
703 67 1
628 100 1
478 533 7