592 485 5
420 249 3
919 370 1
716 464 5
562 451 5
499 232 3
933 302 1
684 264 4
633 446 5
905 454 0
568 216 4
475 227 3
884 282 1
964 306 1
673 232 4
421 217 3
323 190 2
696 146 4
946 296 1
531 401 5
957 306 1
639 205 4
490 162 3
927 304 1
967 494 0
1002 494 0
929 487 0
649 445 5
713 443 5
922 463 0
618 433 5
702 440 5
652 440 5
971 463 0
936 460 0
974 466 0
444 452 6
272 447 6
307 449 6
350 440 6
608 432 5
664 456 5
724 462 5
672 435 5
931 459 0
379 438 6
317 439 6
351 380 6
309 421 6
326 456 6
391 456 6
434 434 6
635 439 5
701 448 5
713 433 5
636 454 5
564 447 5
637 436 5
706 439 5
945 496 0
963 348 1
947 311 1
652 245 4
452 213 3
942 296 1
984 298 1
938 302 1
596 168 4
283 184 2
948 288 1
666 518 5
707 489 5
591 465 5
638 441 5
883 464 0
366 383 6
316 443 6
270 442 6
308 431 6
434 431 6
399 416 6
329 448 6
639 432 5
882 449 0
940 462 0
978 461 0
1021 470 0
644 435 5
692 437 5
644 433 5
359 433 6
407 436 6
375 470 6
612 468 5
691 474 5
749 472 5
954 503 0
1046 515 0
888 484 0
616 439 5
703 444 5
649 452 5
731 464 5
947 491 0
987 505 0
1036 504 0
940 514 0
365 461 6
421 452 6
569 486 5
631 454 5
314 433 6
405 425 6
344 466 6
261 471 6
474 448 6
524 453 5
237 474 6
471 120 3
392 394 6
539 463 5
920 421 0
510 198 3
494 154 3
916 298 1
618 248 4
271 179 2
508 114 3
470 124 3
302 179 2
710 141 4
638 146 4
943 302 1
954 316 1
918 282 1
484 173 3
478 99 3
320 200 2
640 435 5
906 251 1
659 420 5
431 440 6
903 246 1
359 477 6
299 450 6
391 442 6
330 464 6
231 478 6
432 431 6
371 448 6
443 428 6
916 301 1
585 216 4
607 464 5
476 111 3
345 441 6
443 446 6
906 262 1
925 305 1
279 484 6
436 435 6
930 293 1
657 119 4
499 104 3
596 261 4
655 204 4
961 291 1
582 118 4
307 171 2
926 277 1
251 478 6
611 471 5
380 453 6
312 450 6
363 463 6
252 490 6
947 283 1
945 301 1
618 254 4
946 264 1
969 466 0
695 278 4
483 193 3
975 303 1
991 462 0
635 446 5
283 446 6
371 470 6
318 458 6
407 458 6
720 460 5
983 477 0
444 448 6
308 495 6
316 493 6
245 494 6
339 476 6
329 465 6
603 437 5
465 151 3
970 320 1
695 141 4
658 209 4
964 310 1
611 306 4
714 459 5
974 298 1
616 291 4
953 317 1
990 311 1
651 183 4
603 250 4
933 297 1
679 289 4
369 377 6
601 306 4
405 457 6
347 387 6
295 463 6
374 446 6
434 447 6
336 449 6
248 493 6
348 481 6
273 481 6
947 449 0
480 447 6
393 452 6
484 167 3
638 149 4
288 232 2
397 481 6
279 494 6
381 473 6
700 452 5
627 511 5
662 237 4
664 131 4
623 172 4
523 443 5
595 454 5
682 158 4
605 437 5
664 479 5
412 459 6
371 462 6
447 471 6
992 496 0
539 435 5
394 456 6
355 467 6
662 472 5
712 478 5
978 506 0
1026 502 0
946 503 0
988 502 0
940 532 0
974 545 0
938 507 0
979 507 0
942 516 0
974 537 0
941 508 0
644 143 4
698 178 4
985 354 1
944 516 0
946 349 1
625 284 4
999 322 1
936 335 1
966 310 1
673 304 4
987 291 1
588 458 5
662 459 5
399 453 6
435 436 6
309 442 6
226 471 6
257 496 6
354 464 6
418 476 6
342 455 6
565 421 5
610 142 4
454 164 3
677 152 4
424 185 3
499 100 3
976 330 1
918 312 1
297 195 2
341 194 2
909 268 1
958 312 1
582 156 4
362 395 6
418 451 6
316 452 6
367 447 6
419 447 6
295 480 6
377 468 6
418 471 6
656 456 5
968 453 0
974 298 1
1003 336 1
962 310 1
971 472 0
987 309 1
942 320 1
1009 316 1
483 201 3
473 130 3
972 319 1
645 243 4
965 291 1
958 502 0
914 487 0
616 463 5
677 212 4
991 340 1
620 295 4
650 268 4
955 429 0
999 473 0
949 474 0
376 378 6
366 437 6
423 447 6
711 450 5
652 462 5
691 461 5
629 448 5
679 454 5
304 441 6
374 447 6
307 448 6
251 451 6
392 442 6
347 508 6
322 455 6
588 442 5
360 442 6
415 444 6
455 445 6
670 453 5
725 442 5
632 452 5
962 466 0
1024 465 0
989 463 0
1053 469 0
699 467 5
636 441 5
718 442 5
661 434 5
592 440 5
343 446 6
437 443 6
369 456 6
255 455 6
355 455 6
306 470 6
699 448 5
656 457 5
722 458 5
397 437 6
367 440 6
646 467 5
552 424 5
662 472 5
498 229 3
642 257 4
680 276 4
449 251 3
525 472 5
961 340 1
654 308 4
706 302 4
635 226 4
607 261 4
410 214 3
632 291 4
940 522 0
988 501 0
693 191 4
654 108 4
282 214 2
457 218 3
276 217 2
599 289 4
672 292 4
651 227 4
621 265 4
959 323 1
950 330 1
883 319 1
965 323 1
433 469 6
318 490 6
379 490 6
982 346 1
645 301 4
637 252 4
946 332 1
640 297 4
699 295 4
624 214 4
622 278 4
594 311 4
982 341 1
1013 331 1
982 333 1
683 161 4
501 116 3
362 488 6
430 475 6
586 392 5
348 408 6
930 358 1
955 513 0
677 481 5
348 464 6
406 457 6
445 460 6
324 477 6
383 435 6
323 454 6
367 440 6
321 483 6
442 471 6
333 449 6
440 435 6
621 453 5
254 464 6
388 434 6
442 469 6
403 451 6
319 463 6
636 445 5
550 474 5
441 459 6
296 193 2
984 326 1
361 426 6
426 445 6
278 202 2
487 107 3
718 462 5
579 213 4
482 442 6
601 511 5
545 494 5
683 247 4
346 434 6
277 426 6
332 502 6
991 300 1
678 203 4
978 320 1
988 324 1
595 275 4
1005 321 1
968 502 0
591 152 4
565 491 5
562 429 5
333 430 6
524 425 5
365 402 6
446 164 3
346 423 6
421 252 3
315 210 2
714 148 4
637 144 4
663 283 4
299 481 6
445 487 6
948 310 1
394 415 6
985 318 1
611 297 4
306 212 2
365 395 6
436 184 3
497 140 3
360 450 6
380 489 6
435 485 6
340 495 6
354 492 6
604 485 5
448 492 6
309 450 6
326 483 6
968 308 1
918 310 1
971 307 1
926 312 1
973 326 1
915 327 1
973 321 1
930 325 1
973 328 1
919 321 1
972 325 1
917 319 1
911 312 1
451 447 6
976 340 1
945 312 1
455 207 3
319 195 2
967 313 1
931 310 1
986 322 1
943 315 1
902 317 1
954 326 1
625 414 5
559 405 5
344 383 6
482 424 6
631 451 5
718 457 5
944 505 0
962 314 1
938 476 0
989 484 0
660 458 5
719 468 5
619 455 5
683 464 5
720 472 5
373 451 6
432 455 6
319 455 6
353 478 6
453 476 6
659 263 4
574 415 5
672 440 5
498 192 3
491 126 3
653 119 4
724 149 4
325 163 2
513 172 3
606 218 4
482 148 3
651 201 4
609 230 4
474 140 3
294 194 2
625 307 4
946 300 1
992 296 1
955 301 1
611 442 5
965 466 0
948 292 1
680 264 4
625 279 4
624 234 4
664 113 4
569 182 4
489 204 3
496 133 3
947 306 1
965 509 0
926 513 0
935 464 0
987 468 0
1048 462 0
931 489 0
860 485 0
626 453 5
676 443 5
732 441 5
433 429 6
357 439 6
684 439 5
443 446 6
369 437 6
435 428 6
318 452 6
383 462 6
426 464 6
275 440 6
317 435 6
368 378 6
340 432 6
455 434 6
540 441 5
252 466 6
517 418 5
506 101 3
253 224 2
1008 511 0
418 222 3
466 244 3
619 406 5
620 205 4
301 152 2
598 451 5
588 399 5
371 368 6
587 428 5
361 442 6
289 169 2
934 443 0
914 256 1
956 279 1
508 173 3
943 271 1
659 126 4
962 287 1
583 137 4
477 101 3
256 178 2
299 210 2
961 282 1
914 269 1
641 243 4
914 366 1
622 265 4
902 455 0
369 410 6
313 434 6
406 442 6
249 475 6
397 439 6
439 428 6
343 463 6
433 433 6
258 472 6
378 452 6
318 445 6
270 432 6
373 436 6
338 437 6
660 420 5
625 421 5
948 296 1
942 289 1
626 251 4
588 245 4
558 414 5
937 299 1
605 236 4
593 168 4
704 163 4
589 167 4
701 168 4
949 294 1
274 200 2
484 228 3
1001 287 1
938 291 1
454 424 6
398 453 6
942 298 1
333 463 6
438 451 6
310 454 6
378 451 6
338 448 6
954 331 1
968 297 1
948 470 0
319 458 6
371 460 6
326 455 6
419 464 6
354 455 6
443 466 6
314 463 6
355 459 6
398 460 6
657 477 5
934 303 1
464 178 3
658 131 4
922 295 1
584 477 5
659 453 5
315 446 6
478 484 6
496 444 6
676 491 5
892 435 0
939 339 1
938 310 1
618 297 4
926 304 1
575 290 4
670 288 4
621 126 4
253 172 2
984 311 1
921 311 1
962 321 1
604 399 5
365 400 6
377 390 6
373 386 6
537 393 5
379 376 6
332 451 6
707 473 5
609 473 5
627 442 5
356 443 6
316 441 6
364 437 6
343 374 6
341 429 6
412 429 6
664 449 5
383 403 6
433 440 6
350 475 6
287 462 6
243 453 6
240 491 6
336 487 6
381 466 6
324 450 6
343 386 6
401 438 6
732 468 5
618 128 4
312 182 2
463 432 6
611 480 5
366 467 6
288 415 6
341 494 6
318 212 2
625 171 4
489 125 3
573 421 5
657 506 5
952 474 0
667 475 5
423 479 6
363 483 6
415 480 6
352 477 6
518 469 5
422 468 6
681 475 5
940 463 0
993 467 0
699 461 5
660 473 5
436 482 6
389 492 6
348 474 6
425 472 6
321 470 6
458 470 6
322 474 6
226 498 6
364 484 6
281 496 6
367 452 6
646 470 5
943 471 0
1007 462 0
951 468 0
1038 464 0
936 496 0
977 497 0
672 287 4
615 250 4
583 417 5
649 478 5
735 491 5
609 482 5
380 409 6
336 401 6
591 394 5
544 399 5
956 457 0
1012 446 0
972 445 0
955 486 0
623 286 4
612 220 4
674 221 4
409 415 6
343 416 6
573 391 5
950 448 0
946 447 0
627 461 5
652 482 5
928 474 0
971 308 1
665 278 4
610 252 4
446 215 3
964 300 1
982 301 1
962 422 0
981 293 1
571 258 4
391 447 6
950 300 1
388 440 6
315 409 6
306 510 6
379 461 6
960 299 1
607 475 5
412 473 6
368 474 6
446 473 6
314 485 6
306 485 6
311 474 6
906 308 1
609 431 5
547 460 5
623 116 4
462 161 3
606 141 4
922 303 1
488 429 6
271 471 6
359 400 6
318 406 6
548 405 5
894 533 0
935 302 1
987 311 1
454 247 3
306 188 2
264 190 2
608 134 4
570 134 4
463 126 3
602 131 4
452 232 3
292 217 2
646 153 4
682 310 4
943 314 1
486 76 3
986 310 1
627 276 4
563 450 5
556 470 5
628 252 4
586 247 4
661 450 5
930 465 0
339 454 6
485 254 3
370 401 6
474 177 3
483 79 3
608 241 4
295 482 6
328 467 6
368 465 6
419 468 6
279 489 6
229 498 6
290 465 6
452 471 6
312 490 6
375 484 6
442 481 6
327 462 6
395 460 6
539 461 5
619 460 5
662 465 5
614 480 5
660 463 5
408 462 6
353 463 6
407 463 6
594 438 5
554 471 5
622 479 5
609 172 4
569 435 5
541 464 5
630 471 5
373 463 6
318 465 6
366 409 6
323 406 6
553 411 5
624 478 5
671 475 5
905 478 0
974 481 0
363 441 6
408 450 6
434 475 6
319 467 6
420 215 3
646 173 4
902 271 1
944 308 1
673 172 4
322 239 2
451 236 3
282 215 2
656 190 4
626 271 4
913 319 1
465 244 3
901 310 1
604 479 5
378 474 6
332 449 6
400 447 6
617 466 5
549 494 5
632 519 5
920 329 1
982 324 1
657 268 4
611 265 4
475 258 3
624 272 4
615 499 5
371 466 6
442 475 6
610 473 5
303 477 6
232 493 6
354 461 6
232 491 6
349 470 6
250 459 6
619 486 5
928 517 0
369 481 6
258 440 6
323 398 6
331 505 6
231 498 6
345 477 6
306 477 6
462 180 3
282 180 2
522 478 5
598 278 4
656 451 5
592 460 5
919 309 1
954 293 1
890 296 1
586 239 4
910 308 1
953 290 1
492 145 3
921 303 1
917 350 1
926 296 1
966 305 1
921 363 1
909 323 1
916 291 1
929 314 1
920 291 1
917 302 1
882 289 1
928 491 0
857 475 0
910 479 0
922 303 1
918 478 0
649 486 5
711 489 5
379 478 6
442 483 6
938 470 0
931 281 1
576 190 4
620 266 4
474 119 3
284 495 6
360 474 6
456 478 6
390 480 6
326 481 6
417 473 6
456 479 6
663 478 5
938 484 0
888 502 0
312 492 6
432 475 6
433 466 6
668 475 5
555 494 5
411 479 6
339 483 6
410 473 6
447 468 6
669 475 5
716 472 5
459 480 6
372 428 6
439 489 6
342 486 6
227 505 6
615 476 5
471 417 6
909 511 0
275 165 2
647 151 4
450 472 6
531 497 5
542 439 5
534 490 5
327 399 6
345 391 6
563 418 5
354 395 6
409 412 6
581 421 5
489 77 3
669 195 4
902 499 0
900 536 0
907 493 0
924 509 0
1016 495 0
896 543 0
616 506 5
301 473 6
359 493 6
542 415 5
927 312 1
623 266 4
963 302 1
999 302 1
931 318 1
589 270 4
582 313 4
1005 302 1
586 265 4
592 333 4
617 484 5
595 450 5
554 434 5
902 492 0
646 148 4
907 507 0
621 479 5
953 493 0
1017 488 0
619 476 5
331 468 6
391 480 6
437 488 6
462 462 6
716 491 5
381 486 6
443 501 6
324 495 6
376 489 6
672 499 5
640 474 5
404 466 6
273 462 6
223 487 6
320 474 6
219 486 6
264 473 6
573 496 5
397 469 6
435 463 6
611 335 4
596 153 4
306 216 2
907 312 1
948 323 1
586 172 4
951 346 1
612 191 4
625 144 4
727 161 4
977 325 1
973 486 0
1010 478 0
948 479 0
1043 476 0
939 485 0
978 485 0
1043 480 0
969 345 1
930 335 1
602 453 5
623 485 5
677 487 5
363 488 6
302 483 6
378 487 6
417 486 6
350 487 6
668 480 5
958 472 0
947 340 1
982 345 1
966 485 0
642 487 5
343 494 6
426 491 6
978 481 0
1032 465 0
957 339 1
952 486 0
1030 473 0
675 300 4
616 304 4
586 483 5
664 516 5
375 500 6
437 486 6
707 488 5
1009 479 0
972 482 0
1048 476 0
988 477 0
1042 471 0
649 477 5
688 490 5
648 487 5
364 489 6
403 490 6
340 483 6
678 200 4
661 276 4
626 309 4
625 339 4
621 505 5
710 506 5
969 504 0
1018 508 0
945 528 0
321 516 6
980 476 0
1053 472 0
930 477 0
942 348 1
983 346 1
978 344 1
933 337 1
982 344 1
939 345 1
975 347 1
617 322 4
941 352 1
647 326 4
651 479 5
405 502 6
347 501 6
639 483 5
969 480 0
663 485 5
341 508 6
304 504 6
357 508 6
419 504 6
443 497 6
449 506 6
383 503 6
450 503 6
937 355 1
645 483 5
466 169 3
946 286 1
961 332 1
352 483 6
350 442 6
894 512 0
956 274 1
946 308 1
483 228 3
453 148 3
289 176 2
891 304 1
471 227 3
315 194 2
687 155 4
685 139 4
706 173 4
615 183 4
642 115 4
917 513 0
690 488 5
905 500 0
697 485 5
635 491 5
353 471 6
427 476 6
943 495 0
1023 478 0
960 479 0
742 469 5
653 474 5
955 294 1
655 268 4
519 465 5
354 421 6
335 460 6
237 495 6
374 476 6
415 469 6
326 463 6
403 458 6
364 464 6
422 458 6
303 472 6
239 491 6
643 469 5
683 477 5
637 470 5
688 471 5
931 473 0
973 477 0
916 490 0
727 481 5
918 496 0
688 477 5
613 475 5
334 474 6
272 486 6
587 469 5
539 491 5
557 404 5
909 331 1
552 487 5
398 244 3
281 224 2
257 429 6
233 481 6
721 472 5
646 280 4
404 213 3
606 260 4
602 317 4
407 406 6
332 419 6
589 408 5
944 322 1
939 301 1
951 302 1
949 298 1
937 320 1
907 287 1
619 505 5
401 493 6
346 489 6
737 480 5
622 430 5
563 431 5
359 427 6
937 494 0
1019 487 0
960 452 0
935 533 0
577 246 4
569 191 4
452 225 3
622 286 4
878 527 0
924 485 0
995 468 0
963 307 1
304 194 2
618 172 4
625 133 4
653 190 4
626 247 4
966 298 1
284 227 2
263 435 6
218 499 6
332 473 6
295 473 6
376 468 6
331 477 6
336 467 6
395 399 6
341 474 6
399 472 6
437 473 6
288 495 6
227 509 6
304 487 6
358 482 6
396 482 6
399 485 6
467 157 3
632 500 5
605 476 5
316 462 6
652 214 4
601 400 5
551 409 5
938 297 1
565 204 4
595 283 4
585 432 5
611 480 5
328 482 6
318 407 6
451 404 6
581 407 5
629 215 4
959 242 1
970 490 0
956 515 0
956 458 0
994 453 0
992 457 0
952 450 0
1037 442 0
943 477 0
596 498 5
301 484 6
665 467 5
720 465 5
629 294 4
932 277 1
979 289 1
696 283 4
611 295 4
985 283 1
609 262 4
618 319 4
949 280 1
615 240 4
318 201 2
272 171 2
466 205 3
412 207 3
293 200 2
607 250 4
253 217 2
290 158 2
954 285 1
268 183 2
428 200 3
313 225 2
944 271 1
616 244 4
622 289 4
942 271 1
1015 280 1
626 436 5
971 281 1
634 464 5
408 231 3
283 155 2
574 409 5
369 412 6
358 462 6
614 248 4
593 505 5
648 477 5
711 463 5
633 464 5
680 466 5
725 470 5
626 468 5
555 458 5
627 469 5
553 470 5
647 468 5
596 464 5
637 472 5
550 470 5
254 469 6
320 464 6
243 489 6
491 470 6
544 478 5
630 471 5
671 474 5
717 471 5
567 404 5
687 286 4
611 270 4
622 225 4
672 226 4
367 452 6
431 458 6
400 389 6
396 467 6
445 460 6
277 474 6
329 483 6
439 490 6
278 421 6
416 487 6
307 476 6
666 154 4
699 184 4
274 181 2
300 212 2
587 250 4
420 461 6
277 223 2
987 351 1
967 320 1
651 191 4
924 334 1
644 329 4
559 492 5
639 496 5
695 491 5
410 485 6
456 488 6
1000 470 0
915 497 0
573 487 5
312 482 6
397 480 6
335 476 6
631 483 5
904 480 0
944 483 0
555 420 5
383 492 6
448 486 6
397 481 6
338 478 6
660 487 5
878 483 0
945 471 0
989 487 0
929 494 0
378 411 6
948 310 1
1021 311 1
637 317 4
498 149 3
285 202 2
311 213 2
499 225 3
500 93 3
1012 334 1
949 319 1
1017 307 1
476 112 3
737 144 4
929 314 1
665 242 4
959 295 1
285 240 2
571 176 4
459 143 3
451 456 6
387 492 6
292 487 6
305 220 2
632 267 4
714 146 4
467 205 3
485 125 3
296 240 2
285 199 2
331 482 6
589 488 5
644 160 4
455 115 3
909 299 1
660 303 4
615 273 4
424 216 3
675 179 4
592 148 4
281 213 2
334 508 6
903 478 0
873 503 0
678 506 5
546 482 5
938 351 1
443 440 6
365 428 6
610 505 5
678 505 5
426 480 6
930 490 0
979 488 0
1051 480 0
686 497 5
632 496 5
328 488 6
404 485 6
638 493 5
550 504 5
664 487 5
377 482 6
621 167 4
662 145 4
474 135 3
469 178 3
645 164 4
552 503 5
618 153 4
454 214 3
304 483 6
690 203 4
641 149 4
452 183 3
329 195 2
666 257 4
548 443 5
574 273 4
655 456 5
604 452 5
939 304 1
461 238 3
631 469 5
925 478 0
1016 466 0
488 466 6
706 460 5
980 465 0
933 474 0
583 476 5
335 464 6
647 473 5
721 476 5
627 482 5
279 446 6
341 447 6
573 409 5
490 189 3
435 229 3
640 161 4
326 165 2
460 187 3
670 143 4
624 136 4
607 478 5
671 474 5
711 470 5
630 468 5
926 471 0
1029 460 0
434 457 6
664 469 5
956 473 0
920 474 0
418 441 6
292 452 6
392 463 6
314 464 6
921 468 0
862 483 0
599 480 5
535 488 5
681 483 5
918 484 0
949 476 0
648 468 5
610 469 5
548 473 5
610 472 5
544 469 5
612 477 5
351 465 6
597 478 5
665 477 5
393 466 6
308 463 6
345 467 6
653 472 5
403 470 6
677 473 5
570 474 5
420 471 6
287 476 6
226 486 6
270 471 6
551 480 5
228 476 6
263 470 6
338 469 6
581 461 5
337 456 6
502 186 3
872 295 1
917 319 1
485 238 3
376 467 6
928 504 0
969 499 0
1039 502 0
643 477 5
616 507 5
455 469 6
367 507 6
309 500 6
358 507 6
415 512 6
686 496 5
941 361 1
672 309 4
995 333 1
656 165 4
577 176 4
267 214 2
910 297 1
951 331 1
936 343 1
941 479 0
1014 360 1
979 335 1
609 445 5
635 510 5
692 508 5
650 491 5
948 479 0
1005 496 0
943 522 0
909 504 0
984 502 0
949 499 0
648 503 5
719 498 5
613 504 5
414 504 6
585 498 5
622 510 5
276 492 6
324 493 6
377 499 6
336 505 6
265 498 6
250 495 6
552 500 5
672 509 5
726 492 5
293 190 2
231 462 6
250 474 6
385 395 6
281 184 2
647 196 4
955 300 1
998 292 1
926 287 1
688 206 4
965 299 1
291 174 2
627 118 4
278 156 2
642 169 4
979 272 1
879 269 1
649 276 4
540 399 5
356 442 6
938 460 0
948 282 1
1004 272 1
984 287 1
912 283 1
312 450 6
332 440 6
937 309 1
989 284 1
973 273 1
932 272 1
369 395 6
298 440 6
386 451 6
466 458 6
561 475 5
387 444 6
446 423 6
987 346 1
353 444 6
431 429 6
468 423 6
580 193 4
934 308 1
596 442 5
565 474 5
687 473 5
645 149 4
959 314 1
907 319 1
472 140 3
985 321 1
635 257 4
596 330 4
599 284 4
655 266 4
277 212 2
294 171 2
292 213 2
353 508 6
673 497 5
636 504 5
927 488 0
977 287 1
913 311 1
659 296 4
602 317 4
615 263 4
674 274 4
621 244 4
922 498 0
981 482 0
932 499 0
635 485 5
469 253 3
643 261 4
609 398 5
700 476 5
590 199 4
623 119 4
470 173 3
279 226 2
456 493 6
364 502 6
313 500 6
684 506 5
638 497 5
682 498 5
929 514 0
931 489 0
972 481 0
1034 481 0
966 486 0
1015 487 0
917 493 0
258 461 6
359 467 6
327 485 6
402 473 6
353 476 6
454 468 6
402 470 6
310 476 6
239 506 6
419 474 6
346 499 6
431 491 6
264 196 2
583 162 4
249 205 2
920 324 1
585 146 4
259 186 2
408 465 6
333 433 6
384 465 6
391 423 6
887 507 0
622 493 5
538 431 5
291 445 6
299 491 6
575 165 4
601 282 4
907 323 1
941 321 1
908 259 1
930 354 1
654 229 4
589 163 4
328 405 6
547 419 5
612 488 5
327 478 6
222 483 6
307 493 6
397 476 6
275 426 6
316 461 6
383 470 6
422 432 6
406 468 6
486 174 3
642 154 4
412 203 3
368 458 6
329 485 6
296 201 2
428 238 3
515 92 3
637 132 4
502 126 3
929 292 1
424 224 3
982 302 1
934 299 1
983 294 1
914 295 1
483 218 3
473 149 3
638 298 4
411 492 6
353 490 6
452 480 6
677 477 5
989 466 0
930 472 0
339 491 6
400 498 6
952 301 1
463 254 3
300 216 2
939 282 1
975 301 1
650 215 4
634 467 5
716 168 4
494 137 3
577 470 5
647 468 5
359 458 6
478 140 3
670 237 4
638 320 4
586 473 5
693 478 5
622 472 5
673 473 5
714 474 5
674 486 5
390 475 6
434 473 6
328 476 6
250 482 6
309 470 6
223 502 6
580 166 4
625 517 5
550 506 5
674 491 5
634 503 5
878 498 0
923 490 0
637 482 5
382 460 6
321 461 6
390 456 6
442 466 6
362 465 6
461 478 6
350 473 6
401 474 6
449 480 6
334 465 6
370 478 6
659 483 5
716 486 5
666 476 5
957 490 0
1012 475 0
383 460 6
312 466 6
459 475 6
316 469 6
366 482 6
258 498 6
447 188 3
320 470 6
237 491 6
296 470 6
241 496 6
309 480 6
340 503 6
306 204 2
305 478 6
544 495 5
318 471 6
307 477 6
352 479 6
314 498 6
404 483 6
311 485 6
351 479 6
311 476 6
353 480 6
373 480 6
624 481 5
720 453 5
631 478 5
680 482 5
733 475 5
930 480 0
982 479 0
1052 484 0
657 201 4
632 149 4
694 189 4
619 183 4
655 498 5
441 474 6
406 476 6
338 460 6
421 469 6
469 476 6
419 467 6
455 478 6
944 495 0
1028 478 0
651 488 5
598 329 4
644 195 4
614 249 4
612 309 4
636 500 5
396 447 6
357 416 6
606 418 5
586 415 5
547 422 5
609 441 5
347 476 6
437 483 6
321 484 6
358 500 6
962 471 0
1037 468 0
938 489 0
976 478 0
1043 478 0
933 507 0
861 512 0
926 499 0
974 480 0
1045 484 0
449 441 6
305 466 6
1013 496 0
1049 483 0
936 522 0
934 541 0
961 299 1
910 496 0
953 499 0
908 509 0
692 477 5
635 489 5
631 429 5
569 415 5
913 521 0
303 463 6
339 457 6
381 400 6
599 412 5
556 420 5
616 414 5
621 236 4
619 319 4
937 317 1
611 453 5
593 485 5
380 471 6
616 498 5
619 479 5
664 297 4
607 254 4
619 309 4
603 155 4
689 186 4
462 228 3
440 176 3
269 204 2
472 142 3
700 152 4
475 143 3
624 492 5
358 477 6
426 471 6
346 464 6
650 478 5
425 481 6
352 472 6
452 478 6
248 495 6
312 476 6
291 480 6
326 498 6
343 488 6
330 492 6
254 491 6
958 294 1
434 410 6
578 425 5
499 137 3
629 131 4
694 147 4
688 126 4
363 448 6
568 456 5
935 307 1
680 274 4
617 290 4
571 202 4
597 267 4
548 406 5
302 154 2
962 271 1
959 319 1
944 278 1
662 236 4
658 304 4
619 274 4
293 160 2
668 283 4
615 282 4
725 171 4
593 191 4
598 249 4
601 298 4
283 408 6
325 455 6
625 477 5
905 467 0
956 488 0
642 476 5
371 466 6
318 466 6
732 482 5
972 480 0
1036 473 0
655 461 5
489 464 6
330 453 6
423 459 6
700 463 5
605 191 4
469 466 6
604 451 5
603 403 5
895 476 0
924 504 0
607 181 4
498 94 3
648 223 4
574 478 5
300 452 6
380 446 6
421 454 6
330 442 6
348 450 6
430 456 6
366 469 6
330 472 6
238 490 6
338 466 6
374 459 6
327 451 6
425 458 6
633 466 5
391 444 6
673 468 5
919 499 0
960 495 0
585 428 5
536 393 5
654 462 5
713 453 5
672 457 5
950 502 0
1005 508 0
967 499 0
927 515 0
1026 496 0
555 145 4
658 165 4
673 231 4
962 343 1
975 288 1
954 340 1
672 319 4
615 305 4
968 276 1
505 223 3
320 451 6
408 460 6
401 392 6
576 396 5
575 236 4
603 198 4
282 203 2
942 319 1
958 264 1
946 317 1
595 309 4
582 286 4
537 439 5
569 488 5
626 468 5
348 435 6
426 449 6
507 153 3
496 179 3
326 486 6
368 462 6
449 452 6
545 449 5
272 470 6
287 410 6
331 444 6
408 434 6
365 443 6
515 442 5
531 411 5
604 436 5
423 195 3
328 184 2
283 216 2
577 414 5
585 453 5
330 458 6
927 329 1
965 328 1
928 331 1
918 335 1
906 447 0
900 332 1
912 330 1
591 497 5
378 231 2
570 432 5
619 426 5
393 229 3
565 402 5
610 451 5
529 465 5
378 458 6
373 400 6
585 401 5
623 437 5
592 455 5
639 472 5
694 476 5
647 487 5
704 492 5
382 469 6
440 471 6
325 473 6
600 496 5
892 489 0
875 495 0
602 485 5
557 473 5
619 484 5
961 487 0
1020 493 0
350 447 6
413 446 6
314 458 6
259 497 6
398 481 6
603 466 5
622 417 5
620 468 5
580 478 5
537 492 5
469 452 6
467 422 6
634 148 4
587 256 4
284 172 2
506 452 6
922 288 1
942 274 1
663 275 4
945 270 1
633 273 4
936 298 1
944 272 1
909 453 0
953 290 1
926 492 0
943 258 1
987 375 1
938 456 0
905 479 0
592 468 5
630 481 5
299 447 6
365 456 6
419 457 6
261 475 6
319 480 6
347 446 6
398 451 6
431 470 6
270 469 6
312 486 6
318 473 6
220 488 6
437 236 3
582 462 5
666 472 5
242 445 6
330 462 6
585 469 5
597 430 5
486 114 3
343 399 6
943 279 1
692 273 4
926 445 0
943 286 1
981 469 0
925 472 0
321 449 6
391 463 6
324 457 6
354 446 6
311 457 6
356 463 6
426 478 6
399 433 6
310 451 6
891 456 0
949 460 0
996 463 0
920 489 0
988 502 0
303 455 6
473 106 3
898 280 1
630 260 4
962 286 1
925 286 1
421 187 3
247 483 6
940 271 1
479 460 6
344 457 6
295 437 6
345 456 6
643 464 5
898 450 0
517 464 5
340 457 6
403 458 6
345 454 6
443 463 6
318 478 6
270 457 6
405 419 6
357 455 6
473 221 3
637 167 4
283 194 2
447 170 3
282 192 2
618 228 4
883 526 0
567 405 5
949 315 1
473 223 3
949 304 1
972 305 1
1008 312 1
1003 320 1
989 317 1
987 298 1
634 285 4
339 220 2
290 210 2
273 243 2
629 264 4
582 208 4
698 502 5
643 501 5
957 478 0
256 488 6
356 483 6
594 467 5
652 480 5
720 474 5
278 230 2
982 327 1
953 271 1
657 278 4
652 246 4
976 313 1
703 276 4
581 424 5
391 449 6
384 487 6
643 216 4
684 133 4
643 200 4
635 265 4
610 315 4
936 529 0
940 482 0
276 220 2
315 482 6
433 470 6
309 474 6
352 473 6
420 466 6
346 476 6
367 456 6
444 461 6
291 476 6
371 462 6
626 468 5
999 303 1
946 302 1
604 258 4
575 140 4
1018 273 1
969 309 1
1015 325 1
668 273 4
962 331 1
505 118 3
957 306 1
639 289 4
586 282 4
567 432 5
691 480 5
629 422 5
720 458 5
643 461 5
700 485 5
723 442 5
723 477 5
636 473 5
671 439 5
639 486 5
667 460 5
608 471 5
658 470 5
939 461 0
1019 464 0
954 484 0
1004 478 0
643 464 5
279 434 6
359 439 6
384 396 6
306 454 6
273 453 6
622 459 5
993 471 0
910 277 1
622 275 4
579 191 4
641 243 4
997 263 1
1033 284 1
611 252 4
1007 273 1
985 291 1
952 304 1
1015 268 1
989 310 1
952 300 1
990 285 1
954 296 1
1016 283 1
681 139 4
985 240 1
967 290 1
584 219 4
954 277 1
971 311 1
1020 300 1
979 272 1
976 310 1
945 329 1
955 295 1
999 310 1
997 270 1
949 311 1
1001 321 1
585 242 4
1007 274 1
1008 309 1
934 287 1
973 302 1
566 137 4
977 294 1
941 245 1
941 323 1
708 289 4
1030 275 1
980 278 1
466 217 3
600 329 4
590 411 5
571 451 5
597 401 5
565 192 4
595 145 4
581 178 4
591 452 5
648 458 5
600 460 5
973 481 0
925 488 0
519 157 3
316 434 6
278 450 6
289 423 6
319 447 6
358 387 6
372 455 6
415 416 6
420 418 6
375 420 6
376 372 6
364 449 6
601 377 4
413 218 3
614 122 4
870 278 1
954 300 1
422 245 3
305 197 2
299 429 6
338 463 6
600 442 5
659 462 5
467 433 6
339 458 6
961 316 1
699 292 4
942 305 1
680 284 4
459 256 3
304 221 2
965 330 1
950 313 1
960 312 1
289 215 2
878 297 1
478 95 3
636 283 4
279 454 6
330 466 6
374 467 6
438 462 6
656 462 5
438 464 6
244 491 6
419 447 6
241 477 6
564 438 5
729 453 5
985 450 0
948 486 0