616 368 3
445 92 4
308 95 4
620 321 3
628 205 3
407 157 4
672 329 3
776 390 3
690 375 3
650 366 3
589 148 4
363 113 4
655 249 3
709 333 3
723 361 3
515 188 4
573 321 3
638 370 3
643 374 3
574 368 3
651 388 3
601 314 3
575 344 3
386 191 4
309 126 4
614 324 3
637 352 3
686 375 3
564 374 3
651 380 3
645 261 3
653 378 3
717 589 5
724 390 3
747 376 3
598 363 3
731 356 3
923 295 2
729 604 5
534 605 6
381 647 8
321 684 8
343 618 8
528 594 6
694 611 5
727 628 5
932 618 0
909 689 0
636 458 3
249 473 7
317 654 8
353 637 8
530 600 6
365 610 8
340 684 8
542 584 6
345 604 8
299 686 8
356 674 8
293 661 8
319 597 8
288 498 7
252 476 7
352 675 8
304 672 8
376 676 8
493 670 6
550 666 6
538 627 6
696 668 5
735 661 5
889 700 0
968 708 0
891 693 0
967 697 0
915 698 0
974 698 0
944 662 0
719 743 5
705 610 5
329 509 7
650 674 5
456 720 6
731 446 3
753 414 3
672 355 3
719 621 5
929 597 0
372 597 8
302 697 8
720 348 3
935 245 2
659 223 3
931 38 1
643 214 3
644 303 3
653 385 3
651 343 3
648 386 3
545 370 3
692 359 3
617 237 3
536 130 4
638 333 3
603 374 3
687 343 3
751 614 5
732 348 3
649 363 3
659 394 3
541 594 6
686 323 3
893 234 2
698 317 3
695 96 4
954 47 1
645 324 3
632 374 3
360 115 4
683 652 5
694 351 3
308 690 8
563 653 6
510 676 6
295 679 8
349 675 8
394 676 8
313 666 8
395 682 8
506 667 6
553 663 6
498 662 6
561 662 6
491 693 6
689 689 5
690 639 5
742 641 5
903 668 0
901 686 0
943 697 0
722 371 3
627 330 3
592 143 4
555 111 4
901 60 1
971 57 1
601 418 3
556 150 4
740 381 3
541 599 6
706 309 3
699 261 3
740 327 3
524 630 6
948 226 2
920 39 1
742 355 3
666 388 3
669 384 3
657 421 3
607 375 3
724 373 3
686 400 3
769 406 3
619 379 3
672 241 3
922 261 2
1006 216 2
980 189 2
576 141 4
941 64 1
691 251 3
890 267 2
730 711 5
377 707 8
318 703 8
295 499 7
334 683 8
319 689 8
463 695 6
345 696 8
513 700 6
561 700 6
717 698 5
795 695 5
705 687 5
924 692 0
977 690 0
908 711 0
892 750 0
932 696 0
936 608 0
837 645 0
599 165 4
641 442 3
670 318 3
660 115 4
414 115 4
647 131 4
949 131 2
673 377 3
755 362 3
626 258 3
542 692 6
672 105 4
674 50 4
921 757 0
874 669 0
898 206 2
682 750 5
679 666 5
382 678 8
460 105 4
465 38 4
618 60 4
575 641 6
512 670 6
721 685 5
653 383 3
646 265 3
664 399 3
656 363 3
671 401 3
683 365 3
681 377 3
845 655 0
726 669 5
736 360 3
676 398 3
824 655 0
734 676 5
879 305 2
908 267 2
930 192 2
665 463 3
449 84 4
481 50 4
346 160 4
322 197 4
339 275 4
371 251 4
299 540 7
308 631 8
314 671 8
270 478 7
350 686 8
385 668 8
542 669 6
712 674 5
764 677 5
931 685 0
979 694 0
907 681 0
293 499 7
920 690 0
746 669 5
329 664 8
284 491 7
865 666 0
587 700 6
699 693 5
543 679 6
619 367 3
652 355 3
520 629 6
672 729 5
740 698 5
749 696 5
725 743 5
745 710 5
711 723 5
908 658 0
563 642 6
519 642 6
749 682 5
932 699 0
686 367 3
670 338 3
660 397 3
703 411 3
656 378 3
643 686 5
747 696 5
922 695 0
915 214 2
606 152 4
392 236 4
348 265 4
488 37 4
478 28 4
353 273 4
342 708 8
311 482 7
326 704 8
538 707 6
334 674 8
385 664 8
516 675 6
409 651 8
537 656 6
501 676 6
554 671 6
724 667 5
536 660 6
577 669 6
744 693 5
708 685 5
741 671 5
909 685 0
950 692 0
915 693 0
974 686 0
892 710 0
325 734 8
665 372 3
382 144 4
597 360 3
668 373 3
672 333 3
926 272 2
690 344 3
745 426 3
622 347 3
710 305 3
653 676 5
680 715 5
732 660 5
878 663 0
711 634 5
776 349 3
647 357 3
615 391 3
657 369 3
596 316 3
612 371 3
604 445 3
322 689 8
285 507 7
291 680 8
325 689 8
372 684 8
504 684 6
554 690 6
711 703 5
691 699 5
735 700 5
772 708 5
900 696 0
973 694 0
976 654 0
989 699 0
905 702 0
928 771 0
889 702 0
251 537 7
906 686 0
905 705 0
757 364 3
273 470 7
318 697 8
569 717 6
663 217 3
345 226 4
515 111 4
684 341 3
721 380 3
654 409 3
703 411 3
660 409 3
486 724 6
545 726 6
727 734 5
731 673 5
763 347 3
636 228 3
912 260 2
344 250 4
603 105 4
637 40 4
951 99 1
469 171 4
334 212 4
504 48 4
653 35 4
503 737 6
521 695 6
711 711 5
346 676 8
296 494 7
324 702 8
386 702 8
551 437 3
313 496 7
318 691 8
359 711 8
321 700 8
381 701 8
315 733 8
294 479 7
503 706 6
551 707 6
503 692 6
555 700 6
284 492 7
704 696 5
682 727 5
734 737 5
738 698 5
867 696 0
921 708 0
877 740 0
915 756 0
950 702 0
889 767 0
658 675 5
737 692 5
906 697 0
335 478 7
704 385 3
511 644 6
545 714 6
689 373 3
660 410 3
645 247 3
679 360 3
534 369 3
678 363 3
698 394 3
763 372 3
670 376 3
674 345 3
708 355 3
748 407 3
676 363 3
734 358 3
650 382 3
697 399 3
764 396 3
670 382 3
763 326 3
635 363 3
577 133 4
397 131 4
453 116 4
663 366 3
582 166 4
535 110 4
717 410 3
756 422 3
733 695 5
675 715 5
408 705 8
330 705 8
370 280 4
334 212 4
331 137 4
734 391 3
916 295 2
659 391 3
746 325 3
664 272 3
935 306 2
664 414 3
610 384 3
542 387 3
664 434 3
625 300 3
646 400 3
563 284 3
559 698 6
519 718 6
316 706 8
369 704 8
301 556 7
288 517 7
392 234 4
323 259 4
264 519 7
311 516 7
307 697 8
357 706 8
302 699 8
399 723 8
363 715 8
545 712 6
483 716 6
546 725 6
734 720 5
688 714 5
734 712 5
776 708 5
933 719 0
898 713 0
937 712 0
982 714 0
998 172 2
495 127 4
353 113 4
728 365 3
935 50 1
905 46 1
462 33 4
365 662 8
538 188 4
661 360 3
737 353 3
673 235 3
524 117 4
351 103 4
729 360 3
660 375 3
467 115 4
326 122 4
727 445 3
656 374 3
382 630 8
322 680 8
648 392 3
728 703 5
680 696 5
475 654 6
332 654 8
663 224 3
977 191 2
968 53 1
618 39 4
572 49 4
389 44 4
700 361 3
663 260 3
884 647 0
931 708 0
874 714 0
318 667 8
384 688 8
558 703 6
507 694 6
741 679 5
688 667 5
753 700 5
933 703 0
895 695 0
298 727 8
302 677 8
365 688 8
303 731 8
369 736 8
580 708 6
491 707 6
294 726 8
325 693 8
489 700 6
551 700 6
698 706 5
739 695 5
919 696 0
880 713 0
963 704 0
943 615 0
861 753 0
739 688 5
610 423 3
875 268 2
966 246 2
941 87 1
627 56 4
619 389 3
652 362 3
346 525 7
347 623 8
311 675 8
376 674 8
335 252 4
639 258 3
722 378 3
751 410 3
706 386 3
648 393 3
923 629 0
894 691 0
951 716 0
715 675 5
733 403 3
653 398 3
564 636 6
515 696 6
753 696 5
913 696 0
873 245 2
916 176 2
643 260 3
431 37 4
349 209 4
380 133 4
332 193 4
550 143 4
911 183 2
990 183 2
665 184 3
351 175 4
307 193 4
334 253 4
380 240 4
357 274 4
668 254 3
896 186 2
970 184 2
655 181 3
511 173 4
552 110 4
372 107 4
315 168 4
375 163 4
477 170 4
634 252 3
678 375 3
360 193 4
300 186 4
316 127 4
404 103 4
536 102 4
550 678 6
472 168 4
536 123 4
375 162 4
483 190 4
962 188 2
445 186 4
323 178 4
364 136 4
519 112 4
559 122 4
408 142 4
324 125 4
390 123 4
567 118 4
340 180 4
285 174 4
372 173 4
501 177 4
982 196 2
940 198 2
326 258 4
625 258 3
906 274 2
663 367 3
631 407 3
548 390 3
644 383 3
644 429 3
679 421 3
632 411 3
672 372 3
764 407 3
927 272 2
976 180 2
347 621 8
315 671 8
297 491 7
257 487 7
341 608 8
315 677 8
514 672 6
716 682 5
706 692 5
926 704 0
669 351 3
326 590 8
312 699 8
504 670 6
548 693 6
694 703 5
649 155 4
668 115 4
667 51 4
954 207 2
658 363 3
640 266 3
327 251 4
310 515 7
312 714 8
543 715 6
500 682 6
316 673 8
386 669 8
501 666 6
569 659 6
697 672 5
745 683 5
690 693 5
729 722 5
903 687 0
956 694 0
872 730 0
898 696 0
958 704 0
902 303 2
686 370 3
982 168 2
963 62 1
924 77 1
632 46 4
271 469 7
339 478 7
253 485 7
307 472 7
248 489 7
620 364 3
614 284 3
478 76 4
958 71 1
579 310 3
676 343 3
602 321 3
279 473 7
545 615 6
355 670 8
363 672 8
536 689 6
773 685 5
705 698 5
908 698 0
507 673 6
555 664 6
905 221 2
603 320 3
666 334 3
651 373 3
669 419 3
694 393 3
304 691 8
361 742 8
672 379 3
675 371 3
718 352 3
668 350 3
680 355 3
678 339 3
720 702 5
699 632 5
359 667 8
409 659 8
542 663 6
583 180 4
680 67 4
420 39 4
365 152 4
367 156 4
521 111 4
393 182 4
346 233 4
640 255 3
933 238 2
868 723 0
899 689 0
705 624 5
726 685 5
512 695 6
340 683 8
336 745 8
343 592 8
330 697 8
541 669 6
339 682 8
287 473 7
535 670 6
719 628 5
717 641 5
754 697 5
703 693 5
928 673 0
877 690 0
913 661 0
968 662 0
360 710 8
669 342 3
668 454 3
644 406 3
551 698 6
492 691 6
535 677 6
700 711 5
781 699 5
690 677 5
727 395 3
864 246 2
681 293 3
656 373 3
632 426 3
685 417 3
644 444 3
563 420 3
648 423 3
617 452 3
676 441 3
755 437 3
590 420 3
641 416 3
684 435 3
621 434 3
656 445 3
626 111 4
969 100 1
873 596 0
667 430 3
613 348 3
619 383 3
378 233 4
332 244 4
451 152 4
698 286 3
926 253 2
725 677 5
707 716 5
672 694 5
311 672 8
559 656 6
526 134 4
530 99 4
438 109 4
614 249 3
334 183 4
490 676 6
311 652 8
868 719 0
877 712 0
702 679 5
485 149 4
502 105 4
411 108 4
317 104 4
477 109 4
560 120 4
549 187 4
602 265 3
321 225 4
418 165 4
268 162 4
433 165 4
423 88 4
472 105 4
546 106 4
962 183 2
944 258 2
893 280 2
927 217 2
594 232 3
695 701 5
888 694 0
278 650 8
320 721 8
604 349 3
480 135 4
476 205 4
466 98 4
337 99 4
505 102 4
551 107 4
652 131 4
393 126 4
319 96 4
452 121 4
464 175 4
435 100 4
438 102 4
550 667 6
514 703 6
863 224 2
667 411 3
621 411 3
621 290 3
658 194 3
628 224 3
329 199 4
967 102 1
342 82 4
331 84 4
630 92 4
563 92 4
383 732 8
290 658 8
359 662 8
515 658 6
690 686 5
870 712 0
658 731 5
470 675 6
701 698 5
861 684 0
290 661 8
355 647 8
265 501 7
608 400 3
284 534 7
254 505 7
308 498 7
229 501 7
309 518 7
222 508 7
279 510 7
822 660 0
709 693 5
679 707 5
375 696 8
299 666 8
267 490 7
289 664 8
319 684 8
349 651 8
386 663 8
501 670 6
556 673 6
686 689 5
757 690 5
902 691 0
949 701 0
975 635 0
949 709 0
867 739 0
333 283 4
453 192 4
367 238 4
915 273 2
659 402 3
768 660 5
608 424 3
639 396 3
651 360 3
650 406 3
671 439 3
388 251 4
363 135 4
614 325 3
650 395 3
633 440 3
648 394 3
617 423 3
617 380 3
653 418 3
588 421 3
282 463 7
681 396 3
653 357 3
649 394 3
693 396 3
503 632 6
639 384 3
675 400 3
668 357 3
627 425 3
672 421 3
621 280 3
371 264 4
324 284 4
640 452 3
668 653 5
722 669 5
680 398 3
677 361 3
646 408 3
656 211 3
422 136 4
609 117 4
977 160 2
972 196 2
331 116 4
339 46 4
286 673 8
541 699 6
492 709 6
556 706 6
712 696 5
529 667 6
312 506 7
255 483 7
544 709 6
494 708 6
553 708 6
293 732 8
288 675 8
319 724 8
535 734 6
498 728 6
558 711 6
570 669 6
679 707 5
716 698 5
900 695 0
973 683 0
983 692 0
864 703 0
338 684 8
272 481 7
304 458 7
657 397 3
668 396 3
699 377 3
662 398 3
292 489 7
383 171 4
542 78 4
636 390 3
606 457 3
356 270 4
632 394 3
640 276 3
666 388 3
682 416 3
923 271 2
641 273 3
654 379 3
636 433 3
672 443 3
634 445 3
682 443 3
643 306 3
656 380 3
912 77 1
948 39 1
667 57 4
623 350 3
647 426 3
328 542 7
630 416 3
666 421 3
860 667 0
718 643 5
651 678 5
470 684 6
349 678 8
312 680 8
628 452 3
680 411 3
643 355 3
594 164 4
547 88 4
335 120 4
605 365 3
474 89 4
441 52 4
580 375 3
544 394 3
367 264 4
322 126 4
441 142 4
355 276 4
633 260 3
351 521 7
522 612 6
530 694 6
495 698 6
331 676 8
308 519 7
300 686 8
338 687 8
382 688 8
496 683 6
552 683 6
683 683 5
733 682 5
871 681 0
947 682 0
326 503 7
420 192 4
661 291 3
653 423 3
489 158 4
303 117 4
932 149 2
973 190 2
421 171 4
321 143 4
683 72 4
903 59 1
750 406 3
631 252 3
518 142 4
532 711 6
602 423 3
630 400 3
680 427 3
568 424 3
654 407 3
704 403 3
631 427 3
590 269 3
326 253 4
325 187 4
628 383 3
735 402 3
695 372 3
635 377 3
656 419 3
699 430 3
688 350 3
637 261 3
891 258 2
646 258 3
968 192 2
567 140 4
398 146 4
278 142 4
295 265 4
320 521 7
526 715 6
895 685 0
867 253 2
624 243 3
332 263 4
347 692 8
651 700 5
873 672 0
257 506 7
484 206 4
655 239 3
620 154 4
584 76 4
540 64 4
405 67 4
318 60 4
903 239 2
475 703 6
324 713 8
294 689 8
343 695 8
944 707 0
877 688 0
263 521 7
304 513 7
227 503 7
287 737 8
298 692 8
358 683 8
394 688 8
497 684 6
555 678 6
710 687 5
752 686 5
888 688 0
929 687 0
967 684 0
713 411 3
744 371 3
965 676 0
897 681 0
752 410 3
740 364 3
911 304 2
338 511 7
256 499 7
632 397 3
693 646 5
680 687 5
725 689 5
719 622 5
906 612 0
590 411 3
742 407 3
627 280 3
333 274 4
316 162 4
508 146 4
564 61 4
660 52 4
437 41 4
576 46 4
649 50 4
548 53 4
936 46 1
333 44 4
566 281 3
657 261 3
615 52 4
553 53 4
443 41 4
503 53 4
521 137 4
299 140 4
509 165 4
334 144 4
956 56 1
922 39 1
897 196 2
676 402 3
639 402 3
617 433 3
646 446 3
824 672 0
748 639 5
671 685 5
563 623 6
557 400 3
674 389 3
628 283 3
486 669 6
542 654 6
587 465 3
717 629 5
594 394 3
538 597 6
603 397 3
513 665 6
305 668 8
746 681 5
705 687 5
499 671 6
423 191 4
518 146 4
838 678 0
446 46 4
598 290 3
640 281 3
303 276 4
339 271 4
318 591 8
292 677 8
362 656 8
311 654 8
361 656 8
511 659 6
546 667 6
693 680 5
737 685 5
886 681 0
944 682 0
901 682 0
941 682 0
303 492 7
262 496 7
340 500 7
640 375 3
740 384 3
551 590 6
675 325 3
578 397 3
384 148 4
345 158 4
550 419 3
523 626 6
518 620 6
711 380 3
572 400 3
515 163 4
682 413 3
718 406 3
612 419 3
637 428 3
680 428 3
638 414 3
539 417 3
640 406 3
545 425 3
633 443 3
636 435 3
635 418 3
633 406 3
661 419 3
605 423 3
648 411 3
651 404 3
603 449 3
538 630 6
520 692 6
492 715 6
337 721 8
531 733 6
585 716 6
685 722 5
731 714 5
888 714 0
957 719 0
823 680 0
282 532 7
678 473 3
691 408 3
876 292 2
721 453 3
565 420 3
646 417 3
642 420 3
748 447 3
637 441 3
601 406 3
628 429 3
682 404 3
623 431 3
576 410 3
663 433 3
623 453 3
663 451 3
675 416 3
638 429 3
578 406 3
648 409 3
912 617 0
684 430 3
541 643 6
751 605 5
906 295 2
624 285 3
958 175 2
963 263 2
897 282 2
636 298 3
305 250 4
304 201 4
496 144 4
740 629 5
701 689 5
694 399 3
895 298 2
1013 179 2
554 168 4
490 641 6
486 718 6
679 709 5
852 703 0
918 713 0
290 655 8
316 641 8
659 418 3
606 304 3
315 239 4
651 244 3
983 214 2
314 243 4
357 271 4
302 279 4
409 126 4
578 135 4
546 154 4
338 213 4
618 422 3
303 518 7
260 507 7
343 635 8
302 637 8
289 510 7
339 494 7
263 513 7
342 490 7
737 608 5
287 536 7
253 520 7
333 626 8
313 535 7
354 514 7
537 632 6
504 669 6
316 651 8
396 654 8
524 673 6
585 688 6
702 695 5
645 705 5
706 683 5
755 694 5
894 701 0
965 680 0
893 649 0
984 689 0
755 410 3
530 592 6
304 643 8
587 444 3
663 427 3
452 197 4
352 183 4
465 183 4
566 150 4
946 247 2
911 260 2
989 217 2
651 272 3
645 183 3
620 49 4
939 28 1
920 34 1
641 89 4
725 354 3
673 428 3
647 454 3
674 412 3
603 427 3
650 435 3
588 437 3
646 406 3
566 410 3
672 423 3
732 646 5
726 706 5
688 745 5
363 706 8
321 680 8
391 691 8
510 677 6
725 312 3
902 289 2
682 257 3
918 215 2
1000 215 2
655 331 3
364 312 4
640 310 3
902 295 2
721 390 3
673 259 3
972 204 2
728 663 5
774 707 5
735 711 5
340 695 8
305 709 8
371 701 8
268 513 7
321 517 7
320 683 8
567 717 6
464 727 6
292 707 8
365 704 8
491 715 6
555 713 6
682 709 5
693 680 5
747 685 5
895 694 0
972 696 0
375 696 8
686 667 5
934 690 0
718 689 5
573 383 3
470 173 4
575 245 3
639 358 3
691 384 3
651 351 3
652 407 3
611 333 3
628 292 3
661 408 3
645 457 3
311 540 7
626 287 3
652 422 3
623 394 3
673 388 3
676 409 3
635 405 3
592 256 3
620 263 3
623 467 3
722 629 5
726 681 5
339 607 8
276 490 7
359 662 8
312 663 8
514 687 6
743 678 5
703 691 5
648 230 3
648 57 4
518 63 4
434 63 4
541 683 6
377 653 8
297 569 7
307 677 8
320 191 4
348 252 4
293 94 4
266 555 7
273 514 7
312 513 7
327 107 4
340 60 4
326 655 8
308 708 8
371 707 8
531 704 6
697 702 5
738 711 5
704 701 5
763 698 5
896 706 0
981 709 0
932 635 0
871 636 0
910 695 0
578 399 3
638 390 3
283 154 4
386 149 4
599 389 3
474 689 6
745 442 3
661 382 3
895 264 2
956 268 2
710 404 3
623 443 3
663 404 3
775 676 5
731 648 5
681 704 5
294 685 8
285 242 4
334 275 4
649 281 3
930 286 2
270 522 7
292 681 8
498 683 6
679 700 5
888 703 0
671 695 5
640 206 3
642 245 3
326 264 4
289 534 7
249 539 7
294 515 7
284 688 8
331 680 8
282 691 8
343 678 8
491 679 6
545 679 6
686 689 5
734 629 5
721 698 5
876 696 0
950 696 0
919 622 0
263 520 7
540 393 3
475 636 6
392 128 4
313 65 4
450 79 4
352 102 4
312 95 4
614 356 3
625 300 3
650 64 4
614 89 4
628 292 3
588 361 3
313 151 4
316 228 4
615 257 3
484 87 4
535 78 4
341 51 4
540 593 6
328 211 4
711 326 3
934 214 2
970 179 2
941 224 2
663 257 3
318 247 4
356 118 4
529 51 4
650 55 4
408 85 4
570 87 4
957 195 2
730 689 5
669 681 5
511 680 6
304 666 8
387 668 8
998 668 0
935 685 0
359 668 8
301 662 8
397 682 8
932 267 2
726 377 3
665 378 3
667 231 3
632 375 3
483 133 4
456 165 4
322 158 4
503 143 4
544 159 4
976 166 2
948 220 2
346 66 4
663 382 3
570 369 3
580 341 3
638 389 3
595 363 3
326 82 4
673 356 3
651 412 3
473 642 6
368 690 8
309 678 8
287 507 7
367 181 4
321 557 7
283 508 7
322 506 7
340 645 8
311 686 8
265 506 7
357 629 8
303 685 8
379 683 8
514 689 6
562 691 6
699 683 5
771 682 5
896 650 0
909 690 0
961 679 0
645 707 5
341 659 8
290 464 7
331 140 4
622 480 3
689 387 3
898 278 2
955 72 1
659 396 3
576 416 3
645 706 5
315 695 8
352 103 4
471 675 6
663 476 3
653 437 3
468 73 4
651 447 3
657 449 3
699 447 3
616 431 3
541 427 3
666 445 3
647 411 3
712 438 3
615 446 3
703 711 5
616 420 3
652 430 3
612 424 3
652 431 3
623 356 3
666 410 3
654 137 4
288 169 4
301 264 4
644 245 3
682 418 3
534 728 6
624 462 3
592 160 4
459 40 4
560 49 4
390 253 4
548 153 4
294 279 4
303 148 4
495 111 4
609 38 4
664 304 3
948 273 2
494 711 6
300 703 8
375 713 8
263 528 7
312 527 7
236 530 7
291 712 8
260 553 7
282 697 8
321 702 8
363 709 8
511 715 6
472 713 6
541 720 6
668 718 5
743 714 5
922 709 0
876 714 0
952 710 0
737 406 3
947 720 0
298 702 8
838 737 0
709 419 3
621 389 3
528 132 4
334 117 4
643 371 3
694 376 3
609 153 4
387 135 4
291 127 4
666 347 3
754 376 3
667 373 3
597 141 4
371 138 4
758 620 5
692 369 3
654 397 3
689 417 3
658 439 3
642 289 3
660 424 3
298 505 7
646 414 3
633 417 3
550 413 3
680 415 3
642 399 3
732 607 5
533 647 6
461 688 6
313 675 8
870 695 0
640 265 3
347 257 4
587 230 3
591 153 4
337 129 4
623 438 3
717 650 5
723 701 5
321 652 8
936 250 2
655 247 3
356 262 4
580 135 4
969 186 2
627 271 3
946 267 2
597 43 4
464 57 4
407 154 4
656 286 3
334 267 4
317 298 4
341 283 4
635 273 3
280 268 4
600 278 3
672 368 3
295 662 8
331 687 8
658 690 5
505 694 6
296 517 7
891 197 2
265 551 7
258 516 7
309 691 8
374 692 8
499 706 6
557 698 6
535 653 6
494 679 6
559 692 6
692 704 5
747 695 5
899 694 0
971 693 0
878 703 0
974 700 0
946 640 0
962 697 0
914 599 0
949 609 0
767 438 3
915 626 0
272 517 7
314 512 7
627 462 3
625 423 3
310 148 4
380 161 4
609 398 3
468 715 6
258 686 8
338 203 4
273 157 4
688 422 3
753 662 5
665 703 5
252 549 7
678 412 3
640 447 3
682 466 3
631 305 3
723 622 5
631 66 4
680 410 3
642 457 3
681 455 3
729 449 3
657 435 3
749 449 3
633 436 3
718 436 3
675 445 3
689 382 3
679 436 3
655 454 3
708 432 3
646 454 3
550 631 6
245 519 7
309 665 8
301 702 8
516 683 6
341 282 4
303 293 4
289 182 4
478 176 4
657 78 4
284 722 8
355 736 8
476 742 6
537 745 6
663 721 5
703 732 5
760 706 5
892 703 0
963 698 0
927 622 0
232 524 7
293 525 7
740 408 3
925 286 2
703 309 3
597 385 3
687 367 3
633 377 3
679 362 3
633 373 3
544 360 3
738 352 3
861 607 0
768 400 3
766 353 3
669 391 3
619 392 3
647 378 3
617 421 3
659 413 3
658 337 3
709 397 3
709 331 3
750 360 3
659 346 3
624 219 3
319 227 4
316 139 4
441 114 4
569 106 4
930 105 1
747 699 5
692 702 5
341 696 8
265 518 7
320 505 7
330 718 8
297 689 8
350 699 8
385 694 8
538 694 6
741 685 5
702 692 5
737 686 5
476 648 6
703 691 5
743 698 5
832 680 0
908 689 0
972 689 0
499 683 6
990 681 0
934 606 0
750 615 5
297 481 7
255 490 7
523 684 6
662 226 3
850 694 0
708 703 5
603 182 4
360 180 4
629 401 3
851 760 0
882 724 0
656 219 3
653 317 3
639 413 3
669 284 3
612 307 3
664 412 3
648 448 3
920 293 2
343 303 4
345 518 7
652 666 5
612 417 3
666 402 3
633 422 3
680 425 3
649 443 3
551 398 3
669 407 3
634 468 3
695 401 3
632 403 3
648 479 3
653 416 3
515 680 6
576 678 6
348 690 8
637 402 3
903 701 0
700 691 5
734 444 3
505 653 6
343 662 8
347 700 8
413 658 8
557 338 3
649 288 3
354 298 4
310 276 4
367 276 4
320 316 4
378 298 4
300 222 4
432 219 4
369 210 4
909 193 2
362 278 4
308 302 4
373 284 4
309 305 4
319 310 4
623 278 3
390 157 4
337 93 4
391 75 4
353 60 4
397 76 4
488 62 4
575 73 4
667 85 4
335 672 8
392 670 8
337 586 8
270 512 7
360 518 7
268 524 7
347 516 7
340 673 8
299 640 8
256 473 7
336 495 7
362 590 8
319 619 8
372 623 8
335 650 8
406 652 8
552 690 6
505 693 6
582 684 6
775 711 5
716 701 5
765 704 5
831 711 0
905 714 0
962 716 0
317 499 7
674 388 3
339 527 7
688 358 3
334 578 7
348 525 7
576 364 3
594 294 3
338 159 4
435 165 4
529 161 4
934 169 2
626 399 3
302 286 4
647 420 3
415 115 4
316 84 4
322 296 4
280 525 7
624 412 3
731 442 3
651 388 3
622 408 3
622 435 3
631 364 3
656 374 3
616 383 3
567 252 3
551 185 4
359 146 4
282 182 4
645 175 3
300 278 4
277 548 7
240 540 7
287 233 4
270 554 7
280 731 8
294 515 7
280 720 8
345 725 8
465 723 6
522 721 6
673 711 5
725 705 5
864 710 0
905 704 0
945 705 0
902 629 0
631 333 3
590 324 3
870 277 2
816 693 0
846 722 0
626 478 3
630 401 3
578 665 6
504 708 6
313 707 8
310 698 8
617 438 3
536 632 6
315 706 8
853 680 0
524 137 4
368 117 4
629 249 3
631 295 3
649 389 3
635 416 3
331 139 4
323 235 4
639 372 3
633 220 3
528 137 4
486 64 4
513 140 4
614 247 3
362 260 4
618 50 4
905 285 2
932 191 2
896 282 2
492 666 6
325 697 8
681 323 3
662 389 3
642 148 4
557 64 4
300 231 4
340 261 4
289 195 4
384 200 4
324 711 8
747 689 5
694 701 5
907 689 0
320 627 8
627 275 3
906 260 2
990 183 2
640 39 4
432 47 4
410 32 4
456 42 4
569 39 4
434 40 4
560 43 4
418 35 4
288 101 4
294 171 4
392 141 4
341 247 4
313 275 4
281 551 7
312 521 7
595 386 3
288 519 7
247 520 7
304 563 7
318 706 8
365 702 8
514 706 6
478 711 6
535 704 6
550 676 6
693 692 5
737 695 5
699 676 5
761 680 5
898 684 0
975 683 0
908 612 0
341 753 8
296 727 8
836 702 0
874 689 0
297 629 8
566 418 3
316 130 4
555 341 3
652 403 3
622 267 3
716 383 3
672 459 3
650 418 3
674 338 3
503 124 4
884 641 0
551 740 6
481 714 6
700 436 3
705 611 5
691 398 3
610 276 3
885 281 2
682 392 3
623 161 4
601 62 4
677 262 3
335 98 4
297 266 4
627 284 3
931 252 2
901 303 2
921 298 2
626 309 3
340 308 4
395 684 8
334 203 4
274 175 4
660 138 4
980 122 1
735 732 5
298 677 8
349 688 8
268 507 7
328 209 4
381 244 4
298 149 4
451 210 4
347 209 4
497 209 4
583 204 4
431 207 4
569 200 4
900 191 2
972 189 2
959 187 2
341 206 4
315 278 4
627 263 3
624 302 3
913 263 2
920 299 2
956 291 2
688 394 3
649 411 3
687 425 3
605 474 3
669 393 3
652 395 3
636 433 3
646 405 3
714 410 3
756 419 3
658 396 3
724 610 5
531 655 6
520 700 6
609 391 3
684 393 3
546 691 6
481 706 6
343 702 8
782 691 5
692 708 5
699 343 3
638 287 3
645 407 3
363 588 8
288 520 7
251 506 7
320 508 7
243 503 7
321 521 7
242 510 7
323 522 7
322 704 8
302 558 7
283 495 7
333 504 7
246 508 7
347 503 7
532 663 6
328 717 8
284 515 7
333 670 8
307 700 8
865 626 0
267 515 7
263 507 7
341 504 7
243 500 7
326 505 7
249 501 7
329 502 7
238 496 7
328 512 7
285 514 7
270 507 7
326 513 7
231 505 7
299 539 7
290 497 7
404 712 8
309 683 8
550 718 6
492 719 6
689 709 5
880 695 0
299 515 7
242 503 7
317 498 7
318 620 8
305 696 8
331 507 7
305 695 8
319 668 8
353 697 8
273 517 7
372 703 8
572 686 6
560 725 6
482 722 6
312 705 8
504 717 6
569 711 6
320 724 8
294 698 8
303 697 8
343 717 8
271 701 8
332 716 8
396 727 8
505 725 6
549 727 6
485 735 6
542 729 6
578 726 6
668 715 5
736 710 5
888 704 0
960 701 0
870 719 0
620 370 3
547 90 4
368 109 4
297 519 7
598 358 3
650 368 3
706 377 3
654 365 3
630 295 3
595 109 4
332 112 4
486 109 4
560 122 4
672 91 4
948 97 1
582 240 3
350 237 4
647 273 3
660 402 3
633 431 3
680 428 3
638 430 3
665 401 3
642 430 3
634 256 3
627 302 3
652 414 3
309 526 7
390 716 8
533 703 6
713 713 5
938 702 0
880 706 0
710 722 5
346 687 8
505 698 6
525 176 4
557 133 4
356 117 4
417 127 4
344 238 4
652 241 3
644 277 3
305 265 4
637 389 3
311 498 7
255 501 7
368 662 8
317 503 7
590 668 6
520 669 6
760 665 5
708 678 5
911 675 0
961 676 0
363 713 8
526 706 6
508 703 6
708 395 3
922 276 2
771 340 3
657 405 3
980 141 2
950 77 1
982 208 2
602 131 4
544 183 4
890 179 2
979 194 2
347 711 8
316 692 8
315 728 8
382 741 8
546 698 6
848 681 0
563 660 6
495 698 6
560 695 6
722 695 5
685 688 5
513 697 6
503 737 6
705 701 5
917 689 0
883 699 0
689 730 5
496 734 6
300 727 8
343 242 4
648 263 3
612 279 3
891 265 2
686 676 5
601 284 3
916 776 0
880 778 0
348 702 8
374 739 8
305 728 8
343 668 8
358 703 8
302 686 8
369 683 8
304 676 8
556 679 6
509 694 6
471 714 6
341 663 8
374 697 8
324 714 8
291 726 8
490 705 6
309 665 8
342 677 8
304 726 8
366 723 8
329 714 8
503 689 6
496 727 6
300 724 8
364 731 8
495 696 6
547 703 6
697 702 5
742 701 5
817 696 0
900 692 0
965 699 0
906 694 0
960 687 0
666 368 3
632 194 3
368 165 4
952 129 2
619 312 3
641 384 3
733 379 3
647 399 3
654 401 3
605 367 3
651 401 3
571 371 3
434 200 4
673 358 3
581 390 3
374 639 8
315 624 8
342 614 8
561 614 6
694 384 3
876 732 0
564 651 6
722 656 5
863 258 2
339 112 4
351 168 4
336 256 4
650 331 3
316 474 7
275 476 7
314 628 8
375 637 8
513 655 6
569 652 6
709 680 5
706 684 5
743 710 5
866 739 0
946 737 0
909 648 0
839 748 0
282 487 7
326 610 8
649 394 3
615 308 3
635 378 3
589 388 3
617 329 3
646 360 3
660 432 3
619 326 3
613 370 3
635 423 3
648 419 3
635 415 3
670 434 3
647 440 3
650 446 3
694 404 3
721 345 3
641 491 3
732 629 5
909 248 2
580 149 4
625 101 4
566 102 4
431 133 4
651 304 3
375 646 8
308 652 8
264 484 7
322 577 7
326 681 8
290 709 8
297 669 8
340 676 8
382 677 8
495 750 6
473 697 6
534 692 6
679 702 5
683 698 5
720 697 5
896 679 0
862 708 0
952 698 0
987 693 0
919 629 0
867 734 0
879 686 0
314 616 8
279 647 8
274 499 7
559 362 3
599 370 3
647 383 3
673 208 3
944 196 2
731 375 3
739 339 3
648 341 3
649 137 4
947 34 1
554 79 4
645 77 4
661 365 3
641 420 3
696 409 3
587 403 3
638 399 3
344 636 8
752 614 5
826 757 0
889 687 0
937 223 2
901 190 2
906 58 1
547 43 4
417 45 4
723 737 5
889 719 0
874 764 0
930 268 2
321 217 4
303 75 4
383 61 4
476 744 6
316 706 8
258 489 7
295 630 8
307 693 8
363 714 8
480 733 6
540 733 6
689 728 5
741 726 5
889 704 0
958 703 0
326 542 7
299 501 7
258 491 7
314 675 8
265 485 7
714 402 3
639 422 3
594 359 3
654 373 3
730 394 3
754 424 3
540 589 6
703 232 3
734 354 3
659 309 3
636 399 3
688 420 3
646 414 3
564 178 4
375 245 4
898 247 2
654 379 3
725 623 5
691 679 5
681 337 3
677 335 3
625 238 3
330 235 4
599 328 3
660 385 3
316 543 7
322 671 8
334 242 4
287 162 4
581 155 4
639 255 3
396 247 4
301 248 4
279 530 7
361 663 8
318 717 8
518 669 6
486 684 6
740 677 5
897 695 0
651 40 4
639 162 3
906 178 2
274 177 4
297 256 4
340 257 4
370 741 8
535 708 6
862 703 0
910 699 0
680 658 5
696 692 5
668 203 3
947 191 2
916 226 2
663 42 4
428 40 4
402 211 4
306 234 4
269 156 4
381 127 4
616 141 4
689 669 5
495 687 6
307 674 8
357 681 8
255 476 7
368 704 8
364 669 8
368 707 8
473 714 6
509 704 6
552 705 6
710 691 5
896 684 0
964 684 0
315 499 7
271 488 7
286 466 7
249 484 7
344 131 4
649 73 4
629 403 3
702 395 3
288 104 4
471 203 4
560 177 4
724 389 3
498 741 6
476 692 6
281 626 8
409 197 4
575 264 3
467 662 6
288 693 8
757 442 3
675 402 3
629 420 3
644 417 3
678 347 3
753 398 3
679 397 3
731 387 3
681 409 3
326 503 7
606 407 3
696 394 3
717 407 3
583 661 6
544 669 6
294 678 8
923 669 0
942 703 0
920 631 0
872 680 0
895 259 2
946 220 2
1002 219 2
451 149 4
480 84 4
445 78 4
310 291 4
280 543 7
338 717 8
325 665 8
319 701 8
697 398 3
942 99 1
981 71 1
622 76 4
417 81 4
389 182 4
509 185 4
342 269 4
318 302 4
359 705 8
741 706 5
310 709 8
279 689 8
653 732 5
789 681 5
745 683 5
706 682 5
953 690 0
913 688 0
957 297 2
956 75 1
578 85 4
300 547 7
301 703 8
247 526 7
312 519 7
230 509 7
313 536 7
538 604 6
339 673 8
270 531 7
532 621 6
290 680 8
361 671 8
273 679 8
315 634 8
306 670 8
341 674 8
385 672 8
542 672 6
494 667 6
563 672 6
738 680 5
304 518 7
948 607 0
718 618 5
683 688 5
710 685 5
517 650 6
310 495 7
239 505 7
959 653 0
840 611 0
299 527 7
470 672 6
273 688 8
350 681 8
299 691 8
509 664 6
560 676 6
715 681 5
763 689 5
719 691 5
898 700 0
996 696 0
531 615 6
926 650 0
724 424 3
687 389 3
697 283 3
690 614 5
548 611 6
507 691 6
451 167 4
651 278 3
641 389 3
683 400 3
646 429 3
694 415 3
686 422 3
702 430 3
640 416 3
344 288 4
279 274 4
695 358 3
675 403 3
287 552 7
279 503 7
275 278 4
340 233 4
279 266 4
300 197 4
346 84 4
636 292 3
293 273 4
935 290 2
872 671 0
707 746 5
684 683 5
289 652 8
298 682 8
521 682 6
516 635 6
645 354 3
899 300 2
924 208 2
941 274 2
631 263 3
674 119 4
663 79 4
354 87 4
465 102 4
966 100 1
939 707 0
951 674 0
977 640 0
908 690 0
297 680 8
258 685 8
496 640 6
682 641 5
494 639 6
557 623 6
708 651 5
985 640 0
943 680 0
545 667 6
318 614 8
326 635 8
292 653 8
360 597 8
501 630 6
557 628 6
749 603 5
731 654 5
271 237 4
498 711 6
663 249 3
933 181 2
967 56 1
905 67 1
502 96 4
497 159 4
348 163 4
509 45 4
389 35 4
648 313 3
630 235 3
599 99 4
569 187 4
833 623 0
868 630 0
714 661 5
932 738 0
380 670 8
281 697 8
726 700 5
950 704 0
904 725 0
928 674 0
715 650 5
912 292 2
948 265 2
655 221 3
977 178 2
910 87 1
606 92 4
674 93 4
945 82 1
615 87 4
657 92 4
520 101 4
314 85 4
418 92 4
538 81 4
433 90 4
440 104 4
396 90 4
266 545 7
230 499 7
296 474 7
558 663 6
740 647 5
709 664 5
736 634 5
970 645 0
924 623 0
953 654 0
961 639 0
617 301 3
309 198 4
648 318 3
679 350 3
646 380 3
631 274 3
585 263 3
657 358 3
740 424 3
702 632 5
663 379 3
760 396 3
656 389 3
702 363 3
652 405 3
576 376 3
650 387 3
562 371 3
670 400 3
653 440 3
652 390 3
632 427 3
676 423 3
652 363 3
635 419 3
326 655 8
285 628 8
283 674 8
528 656 6
518 693 6
735 702 5
694 709 5
311 672 8
520 658 6
582 685 6
508 675 6
615 407 3
917 249 2
656 230 3
476 157 4
290 111 4
450 206 4
628 267 3
273 458 7
248 496 7
319 509 7
306 667 8
293 702 8
354 693 8
502 689 6
501 743 6
477 703 6
540 698 6
469 664 6
553 708 6
718 719 5
682 734 5
710 709 5
757 712 5
911 712 0
986 700 0