525 177 2
665 159 2
677 161 2
501 154 2
677 177 2
504 169 2
267 183 0
501 180 2
682 184 2
633 498 5
816 549 4
651 216 2
509 194 2
306 216 0
479 499 5
397 774 7
190 374 1
821 597 4
526 490 5
844 890 6
538 797 8
509 867 8
472 867 8
482 723 8
518 744 8
483 738 8
538 746 8
585 740 8
655 751 8
684 731 8
609 825 8
618 798 8
537 802 8
872 847 6
830 847 6
519 826 8
179 834 7
171 728 7
166 790 7
281 808 7
184 765 7
171 878 7
386 880 7
494 806 8
356 863 7
282 852 7
167 844 7
174 734 7
168 826 7
498 778 8
270 867 7
176 790 7
363 876 7
344 847 7
517 137 2
678 188 2
226 90 0
585 192 2
679 188 2
939 318 4
256 25 0
544 241 2
708 219 2
820 561 4
934 507 4
634 184 2
221 132 0
592 186 2
682 206 2
245 101 0
212 430 1
203 756 7
524 765 8
501 714 8
507 756 8
491 712 8
549 739 8
590 738 8
651 721 8
494 902 8
629 142 2
671 152 2
842 530 4
930 473 4
645 144 2
815 490 4
583 494 5
904 107 3
825 92 3
848 316 4
842 323 4
312 803 7
207 769 7
326 769 7
228 838 7
373 866 7
369 871 7
185 849 7
185 770 7
198 730 7
205 818 7
310 841 7
194 846 7
344 877 7
182 893 7
595 212 2
676 201 2
341 114 0
245 62 0
804 104 3
670 140 2
881 355 4
649 253 2
205 421 1
197 664 7
201 785 7
488 699 8
534 744 8
493 743 8
546 745 8
588 747 8
639 752 8
674 747 8
682 777 8
555 742 8
846 488 4
253 754 7
204 728 7
843 324 4
212 777 7
199 797 7
305 819 7
172 819 7
200 732 7
193 889 7
226 737 7
190 862 7
386 857 7
331 810 7
373 801 7
512 506 5
338 750 7
256 739 7
220 732 7
870 194 3
870 318 4
681 211 2
637 224 2
531 501 5
654 234 2
284 118 0
230 137 0
513 183 2
702 217 2
883 125 3
513 732 8
557 724 8
592 721 8
677 731 8
674 257 2
551 733 8
497 714 8
627 805 8
641 762 8
493 858 8
531 838 8
665 776 8
524 756 8
904 862 6
307 832 7
175 832 7
173 727 7
182 778 7
320 864 7
492 785 8
192 799 7
350 824 7
185 728 7
169 782 7
293 762 7
187 777 7
213 735 7
189 795 7
194 751 7
603 200 2
603 281 2
320 116 0
247 109 0
252 73 0
283 109 0
234 135 0
660 223 2
271 162 0
224 164 0
267 150 0
220 159 0
520 727 8
520 838 8
583 530 5
539 505 5
828 756 6
317 204 0
302 138 0
581 477 5
846 459 4
854 778 6
548 837 8
528 756 8
585 775 8
639 779 8
523 892 8
532 762 8
592 754 8
668 740 8
600 751 8
672 769 8
546 879 8
535 755 8
590 750 8
355 815 7
225 848 7
169 865 7
186 737 7
372 836 7
854 849 6
335 891 7
174 845 7
266 829 7
177 828 7
392 838 7
303 848 7
233 810 7
184 735 7
206 691 7
242 761 7
181 816 7
261 881 7
344 856 7
341 828 7
282 834 7
673 470 5
591 234 2
538 191 2
499 171 2
240 86 0
717 204 2
823 131 3
878 114 3
275 146 0
313 129 0
207 195 0
205 131 0
282 156 0
204 163 0
870 144 3
854 367 4
859 862 6
510 796 8
311 764 7
544 763 8
513 711 8
497 754 8
544 764 8
595 762 8
641 760 8
670 803 8
685 725 8
525 778 8
571 762 8
502 729 8
517 785 8
673 775 8
637 761 8
498 885 8
609 263 2
616 142 2
862 612 4
253 780 7
288 819 7
142 824 7
163 712 7
156 814 7
254 861 7
397 812 7
151 807 7
329 806 7
180 789 7
159 729 7
157 788 7
360 807 7
247 793 7
277 834 7
163 822 7
185 763 7
154 746 7
845 853 6
839 806 6
847 723 6
852 495 4
186 364 1
248 73 0
912 122 3
849 111 3
881 394 4
839 350 4
839 407 4
834 291 4
841 111 3
928 123 3
653 471 5
219 706 7
249 812 7
175 814 7
174 719 7
344 807 7
370 817 7
324 829 7
266 833 7
153 822 7
162 856 7
360 864 7
144 863 7
347 850 7
362 806 7
398 808 7
236 778 7
389 853 7
152 863 7
144 809 7
177 712 7
252 714 7
267 746 7
308 833 7
458 718 8
499 780 8
294 783 7
188 828 7
329 800 7
883 792 6
223 834 7
337 840 7
211 363 1
257 52 0
251 110 0
202 126 0
264 124 0
227 169 0
242 219 0
787 89 3
636 206 2
687 206 2
885 314 4
928 342 4
282 81 0
794 94 3
238 197 0
208 136 0
261 154 0
895 97 3
883 35 3
197 446 1
634 451 5
230 719 7
499 703 8
554 761 8
499 763 8
644 769 8
541 760 8
500 731 8
516 905 8
481 890 8
510 745 8
540 765 8
576 761 8
647 801 8
694 792 8
528 740 8
486 757 8
538 754 8
580 758 8
668 779 8
621 772 8
551 751 8
679 758 8
630 784 8
687 784 8
636 791 8
680 802 8
647 825 8
532 877 8
837 749 6
867 724 6
920 528 4
845 497 4
831 760 6
482 544 5
626 497 5
929 389 4
891 314 4
910 189 3
927 323 4
511 216 2
619 214 2
221 121 0
225 832 7
263 753 7
187 739 7
339 765 7
880 845 6
170 799 7
284 742 7
196 710 7
230 754 7
353 758 7
165 744 7
198 822 7
325 808 7
393 814 7
182 815 7
281 842 7
213 713 7
179 752 7
359 751 7
215 808 7
145 846 7
187 796 7
326 800 7
277 784 7
195 791 7
295 811 7
167 854 7
183 760 7
322 743 7
187 759 7
624 153 2
483 193 2
906 169 3
242 8 0
491 729 8
865 169 3
921 303 4
848 324 4
339 160 0
264 101 0
251 229 0
184 417 1
808 462 4
172 675 7
508 735 8
542 833 8
529 784 8
481 766 8
528 757 8
493 753 8
540 761 8
484 758 8
533 752 8
576 757 8
661 754 8
624 759 8
686 773 8
550 774 8
701 757 8
499 873 8
570 812 8
645 781 8
382 808 7
886 881 6
373 853 7
219 766 7
168 793 7
175 739 7
274 838 7
163 810 7
204 810 7
310 812 7
181 811 7
144 848 7
166 765 7
146 840 7
172 759 7
313 818 7
847 524 4
651 249 2
531 248 2
692 190 2
279 98 0
629 170 2
521 157 2
273 97 0
600 191 2
274 144 0
550 491 5
232 384 1
870 337 4
472 739 8
502 711 8
499 775 8
624 825 8
629 754 8
500 729 8
545 745 8
586 762 8
670 768 8
634 801 8
695 804 8
500 887 8
517 727 8
259 847 7
340 821 7
213 688 7
652 173 2
960 358 4
238 103 0
676 190 2
912 404 4
899 136 3
837 102 3
743 184 2
872 334 4
887 126 3
214 458 1
222 382 1
247 878 7
188 753 7
213 690 7
209 727 7
165 727 7
221 731 7
192 779 7
213 737 7
279 756 7
181 779 7
235 779 7
292 772 7
335 767 7
295 766 7
584 813 8
521 700 8
549 167 2
684 211 2
510 190 2
245 134 0
882 174 3
882 84 3
245 6 0
228 767 7
184 821 7
230 218 0
241 123 0
248 71 0
336 92 0
883 94 3
825 356 4
664 457 5
868 487 4
826 811 6
810 848 6
582 756 8
490 744 8
561 768 8
485 891 8
521 744 8
541 694 8
498 751 8
541 757 8
586 757 8
550 758 8
503 748 8
594 740 8
639 730 8
687 743 8
643 759 8
690 765 8
628 782 8
476 880 8
252 860 7
182 848 7
219 814 7
408 823 7
342 857 7
400 857 7
819 833 6
340 811 7
202 801 7
268 802 7
192 824 7
198 757 7
196 697 7
208 767 7
195 879 7
180 843 7
632 166 2
502 155 2
256 126 0
629 259 2
676 190 2
555 746 8
625 234 2
857 343 4
235 162 0
253 129 0
613 171 2
899 289 4
841 81 3
253 458 1
194 386 1
201 693 7
513 716 8
510 758 8
572 743 8
626 739 8
669 755 8
705 771 8
661 782 8
702 773 8
656 790 8
721 784 8
650 798 8
692 798 8
681 812 8
632 815 8
681 808 8
565 766 8
569 773 8
608 779 8
606 785 8
605 735 8
482 509 5
350 831 7
197 796 7
384 818 7
194 799 7
343 820 7
225 753 7
366 827 7
191 819 7
349 815 7
463 805 8
339 821 7
500 223 2
669 242 2
886 302 4
875 289 4
844 322 4
809 311 4
905 359 4
529 795 8
503 727 8
805 570 4
823 500 4
627 480 5
471 495 5
478 149 2
291 116 0
814 358 4
483 532 5
503 794 8
480 849 8
477 894 8
483 678 8
483 725 8
519 877 8
467 865 8
545 867 8
628 747 8
585 728 8
474 734 8
470 864 8
488 712 8
487 751 8
475 879 8
482 748 8
536 764 8
590 757 8
656 751 8
597 750 8
655 755 8
480 861 8
546 860 8
557 762 8
667 796 8
641 823 8
882 551 4
569 818 8
545 853 8
840 833 6
258 804 7
314 814 7
156 760 7
157 799 7
175 686 7
153 694 7
239 748 7
201 694 7
160 703 7
214 843 7
288 774 7
176 761 7
319 763 7
280 741 7
153 743 7
217 741 7
508 454 5
627 176 2
675 185 2
258 130 0
233 101 0
831 518 4
452 490 5
186 400 1
499 530 5
196 666 7
171 701 7
493 715 8
519 775 8
468 787 8
553 770 8
495 769 8
529 778 8
571 770 8
626 764 8
682 752 8
599 804 8
633 778 8
915 451 4
849 458 4
834 325 4
608 713 8
509 725 8
525 692 8
213 745 7
181 728 7
884 748 6
861 834 6
502 694 8
268 844 7
171 842 7
215 806 7
288 863 7
255 850 7
257 814 7
207 809 7
166 861 7
296 838 7
359 831 7
174 711 7
173 671 7
166 751 7
177 803 7
349 841 7
337 887 7
165 866 7
134 732 7
204 671 7
583 213 2
228 52 0
681 204 2
209 407 1
844 321 4
823 725 6
629 228 2
500 186 2
624 460 5
504 539 5
226 120 0
195 85 0
245 28 0
208 31 0
246 34 0
868 87 3
881 359 4
643 270 2
228 469 1
198 404 1
200 745 7
573 512 5
242 72 0
181 65 0
261 71 0
197 74 0
279 75 0
191 96 0
225 23 0
249 79 0
601 260 2
577 286 2
234 138 0
177 109 0
215 140 0
177 108 0
213 102 0
274 81 0
662 233 2
231 98 0
184 102 0
217 82 0
223 45 0
900 113 3
902 374 4
878 126 3
892 491 4
855 786 6
848 839 6
514 739 8
472 728 8
503 748 8
546 751 8
590 753 8
679 751 8
643 783 8
665 740 8
553 807 8
529 819 8
491 885 8
501 754 8
490 718 8
221 718 7
506 755 8
492 708 8
483 709 8
205 719 7
857 454 4
829 482 4
527 757 8
490 728 8
216 717 7
560 483 5
887 330 4
871 275 4
531 273 2
847 437 4
850 385 4
863 614 4
890 891 6
845 865 6
841 883 6
900 539 4
841 567 4
938 506 4
864 99 3
915 317 4
813 371 4
887 377 4
929 383 4
824 366 4
914 360 4
922 332 4
227 183 0
843 382 4
805 376 4
847 388 4
812 380 4
854 381 4
901 375 4
802 386 4
856 387 4
909 390 4
815 401 4
862 352 4
817 370 4
910 374 4
922 379 4
881 186 3
875 99 3
897 489 4
882 110 3
562 268 2
248 102 0
871 144 3
863 83 3
880 213 3
876 317 4
938 376 4
854 476 4
919 99 3
853 65 3
895 419 4
836 368 4
889 110 3
847 104 3
933 476 4
821 477 4
880 779 6
840 81 3
523 206 2
191 399 1
201 693 7
218 734 7
197 767 7
212 855 7
378 837 7
181 755 7
215 756 7
290 756 7
203 786 7
268 776 7
636 245 2
479 193 2
244 155 0
176 131 0
205 98 0
654 208 2
693 271 2
482 227 2
213 157 0
174 149 0
250 138 0
173 147 0
549 227 2
661 232 2
867 117 3
828 113 3
519 517 5
836 559 4
666 213 2
534 461 5
833 465 4
845 568 4
846 151 3
835 109 3
891 551 4
833 500 4
907 491 4
859 558 4
879 499 4
820 726 6
858 855 6
546 777 8
492 748 8
486 792 8
493 746 8
534 745 8
865 511 4
873 589 4
844 558 4
483 741 8
525 729 8
562 729 8
599 732 8
647 730 8
684 741 8
542 780 8
315 818 7
222 719 7
478 717 8
186 731 7
567 520 5
586 457 5
484 509 5
188 409 1
869 319 4
814 323 4
485 226 2
818 327 4
933 323 4
851 156 3
843 95 3
882 469 4
819 497 4
862 825 6
490 803 8
527 468 5
861 514 4
828 583 4
500 505 5
853 156 3
832 98 3
918 98 3
892 317 4
826 334 4
907 331 4
820 406 4
864 397 4
901 418 4
820 443 4
877 441 4
818 410 4
853 98 3
914 98 3
850 102 3
828 787 6
276 804 7
169 828 7
162 715 7
212 707 7
213 808 7
170 841 7
193 807 7
264 806 7
326 803 7
370 796 7
370 834 7
162 828 7
494 767 8
539 776 8
580 775 8
270 777 7
183 726 7
218 716 7
157 736 7
856 93 3
916 104 3
568 204 2
676 224 2
507 208 2
212 154 0
604 510 5
780 410 4
649 230 2
834 333 4
794 87 3
870 345 4
934 339 4
322 198 0
203 150 0
251 72 0
850 708 6
836 808 6
550 729 8
493 676 8
492 717 8
554 713 8
589 719 8
624 731 8
543 718 8
611 723 8
667 733 8
570 233 2
616 166 2
485 880 8
833 357 4
617 250 2
607 191 2
791 94 3
846 88 3
263 787 7
151 797 7
156 673 7
199 679 7
159 706 7
153 792 7
162 685 7
154 752 7
176 675 7
170 693 7
207 699 7
187 700 7
861 454 4
834 390 4
843 787 6
871 875 6
851 795 6
837 342 4
545 469 5
529 796 8
269 761 7
488 223 2
213 77 0
561 459 5
665 250 2
663 185 2
847 95 3
811 90 3
205 66 0
191 141 0
213 99 0
206 141 0
194 97 0
260 84 0
278 98 0
345 104 0
666 180 2
224 696 7
239 226 0
205 85 0
287 116 0
204 436 1
223 831 7
196 729 7
513 734 8
520 820 8
501 787 8
551 787 8
588 781 8
628 778 8
692 785 8
635 792 8
684 784 8
501 785 8
499 840 8
492 754 8
794 741 6
838 487 4
796 518 4
527 484 5
490 540 5
224 425 1
579 183 2
836 118 3
836 306 4
808 383 4
207 807 7
211 740 7
208 422 1
205 747 7
280 837 7
339 872 7
279 852 7
191 775 7
226 784 7
261 832 7
209 748 7
544 224 2
507 204 2
658 209 2
210 154 0
522 530 5
181 131 0
165 406 1
557 533 5
495 546 5
487 728 8
473 774 8
619 793 8
521 767 8
651 768 8
615 791 8
659 783 8
706 778 8
627 804 8
712 791 8
600 211 2
447 868 7
798 832 6
835 555 4
274 854 7
164 832 7
162 792 7
161 731 7
161 797 7
306 812 7
380 784 7
359 813 7
246 769 7
168 777 7
171 720 7
174 792 7
321 791 7
286 775 7
190 780 7
840 55 3
215 40 0
720 199 2
712 249 2
894 322 4
402 199 0
276 129 0
240 113 0
212 118 0
286 128 0
633 222 2
691 225 2
284 147 0
790 309 4
863 367 4
926 551 4
851 589 4
905 529 4
844 528 4
914 530 4
855 533 4
932 534 4
836 535 4
934 518 4
846 767 6
873 842 6
837 720 6
861 598 4
825 727 6
523 737 8
589 756 8
508 757 8
560 754 8
528 726 8
681 772 8
323 735 7
243 728 7
571 765 8
511 769 8
839 574 4
846 732 6
541 797 8
518 760 8
612 758 8
688 764 8
855 740 6
698 763 8
822 600 4
889 519 4
852 509 4
534 882 8
851 855 6
503 851 8
863 758 6
597 785 8
273 742 7
511 550 5
528 556 5
551 790 8
863 861 6
888 402 4
943 377 4
855 374 4
880 784 6
845 755 6
836 504 4
517 534 5
225 725 7
331 783 7
195 753 7
236 753 7
295 754 7
332 760 7
372 761 7
256 836 7
343 846 7
239 774 7
451 207 2
589 264 2
213 373 1
650 292 2
626 250 2
501 197 2
253 138 0
205 117 0
246 99 0
205 431 1
557 439 5
291 145 0
227 92 0
212 771 7
184 730 7
465 726 8
515 768 8
603 783 8
669 775 8
312 872 7
549 717 8
492 240 2
838 478 4
828 517 4
208 647 7
201 692 7
693 260 2
864 115 3
908 553 4
868 872 6
529 540 5
572 475 5
868 356 4
905 151 3
876 100 3
811 56 3
202 58 0
214 360 1
177 52 0
850 167 3
903 426 4
854 391 4
861 156 3
901 135 3
893 350 4
866 789 6
864 465 4
826 385 4
812 435 4
830 337 4
842 810 6
837 860 6
807 728 6
450 738 8
182 707 7
301 831 7
267 865 7
176 836 7
164 786 7
183 740 7
259 754 7
296 737 7
350 755 7
197 421 1
197 715 7
530 707 8
522 771 8
568 761 8
615 760 8
703 761 8
880 731 6
523 841 8
520 888 8
539 768 8
518 885 8
810 837 6
298 848 7
175 819 7
215 733 7
222 782 7
198 847 7
170 793 7
233 797 7
338 845 7
285 840 7
179 823 7
169 766 7
182 727 7
168 858 7
334 864 7
217 750 7
170 799 7
545 230 2
580 171 2
618 157 2
309 82 0
189 96 0
600 231 2
577 214 2
222 137 0
561 179 2
695 195 2
263 111 0
186 84 0
199 89 0
206 27 0
326 18 0
247 14 0
202 25 0
171 90 0
197 377 1
368 745 7
180 746 7
491 739 8
551 749 8
600 751 8
647 744 8
608 748 8
653 750 8
702 743 8
611 741 8
692 743 8
569 788 8
497 882 8
530 176 2
846 499 4
843 296 4
467 491 5
512 512 5
242 734 7
179 719 7
177 813 7
180 691 7
157 803 7
166 727 7
159 792 7
225 799 7
263 794 7
174 826 7
163 860 7
148 849 7
521 836 8
399 849 7
835 819 6
227 145 0
574 211 2
322 108 0
171 0 0
180 82 0
304 98 0
625 283 2
882 489 4
841 543 4
608 813 8
485 734 8
186 125 0
190 449 1
184 656 7
172 710 7
526 514 5
657 457 5
486 742 8
474 808 8
471 763 8
567 767 8
655 763 8
608 769 8
669 768 8
475 879 8
598 764 8
843 789 6
815 832 6
481 764 8
592 217 2
628 490 5
871 535 4
808 526 4
859 721 6
832 828 6
204 754 7
158 720 7
505 806 8
485 721 8
821 412 4
810 356 4
864 79 3
187 392 1
188 676 7
171 721 7
622 499 5
871 858 6
805 835 6
813 736 6
844 534 4
836 352 4
905 83 3
217 123 0
824 819 6
598 707 8
832 769 6
857 526 4
473 533 5
827 336 4
854 33 3
850 83 3
939 305 4
824 352 4
897 66 3
837 360 4
937 346 4
932 349 4
924 339 4
821 344 4
843 118 3
852 353 4
847 69 3
926 80 3
865 89 3
233 107 0
179 478 1
165 418 1
185 662 7
173 717 7
229 742 7
181 767 7
358 755 7
164 761 7
199 759 7
254 761 7
296 762 7
254 755 7
314 754 7
354 759 7
902 173 3
870 90 3
933 300 4
666 220 2
505 211 2
894 358 4
849 334 4
807 719 6
509 744 8
504 506 5
602 231 2
246 81 0
190 92 0
282 91 0
204 74 0
782 369 4
848 515 4
846 767 6
502 735 8
503 787 8
474 760 8
540 757 8
596 753 8
674 749 8
474 856 8
667 753 8
654 132 2
303 96 0
610 788 8
496 767 8
482 880 8
543 885 8
483 883 8
490 881 8
481 807 8
514 850 8
484 781 8
471 887 8
863 790 6
838 717 6
198 696 7
807 326 4
831 143 3
153 674 7
172 796 7
162 884 7
189 797 7
265 799 7
352 795 7
167 819 7
335 796 7
380 806 7
262 789 7
209 786 7
181 756 7
294 753 7
144 750 7
499 555 5
622 278 2
675 252 2
831 704 6
484 227 2
203 164 0
855 375 4
793 358 4
201 176 0
173 126 0
243 135 0
197 366 1
159 439 1
146 735 7
147 396 1
185 126 0
508 573 5
535 514 5
472 764 8
475 800 8
537 786 8
573 778 8
631 775 8
674 771 8
617 798 8
474 912 8
500 709 8
479 747 8
465 780 8
458 727 8
151 711 7
172 420 1
873 573 4
884 282 4
852 728 6
883 840 6
175 796 7
141 763 7
142 849 7
293 875 7
255 878 7
261 841 7
137 832 7
246 860 7
151 849 7
147 809 7
175 788 7
234 842 7
238 800 7
292 799 7
182 696 7
302 786 7
627 196 2
492 200 2
235 89 0
272 65 0
187 62 0
292 74 0
575 262 2
491 188 2
220 147 0
162 113 0
277 116 0
191 142 0
336 127 0
242 120 0
538 165 2
493 186 2
653 188 2
286 83 0
182 63 0
162 695 7
500 712 8
512 746 8
509 790 8
507 753 8
558 745 8
639 741 8
690 737 8
647 763 8
686 761 8
721 765 8
644 782 8
682 778 8
728 777 8
650 787 8
717 784 8
650 800 8
711 802 8
659 817 8
517 750 8
578 743 8
641 731 8
676 733 8
672 762 8
621 761 8
679 766 8
638 757 8
541 768 8
510 872 8
575 532 5
180 364 1
794 71 3
879 360 4
848 508 4
848 449 4
863 746 6
829 820 6
501 744 8
503 700 8
228 692 7
828 801 6
527 704 8
174 698 7
173 806 7
174 750 7
175 812 7
161 867 7
195 765 7
192 783 7
218 795 7
203 789 7
147 853 7
170 816 7
173 736 7
305 783 7
210 850 7
182 873 7
182 857 7
343 821 7
357 827 7
340 857 7
351 862 7
352 816 7
294 851 7
330 859 7
394 841 7
334 872 7
178 843 7
169 823 7
297 801 7
230 835 7
253 802 7
202 787 7
599 214 2
675 203 2
473 167 2
553 218 2
869 512 4
828 496 4
828 380 4
612 207 2
212 149 0
262 139 0
835 164 3
864 102 3
870 390 4
866 557 4
821 520 4
520 706 8
557 770 8
630 762 8
515 721 8
576 748 8
616 751 8
657 738 8
705 749 8
566 746 8
519 740 8
530 726 8
520 773 8
611 508 5
503 528 5
874 403 4
799 346 4
534 789 8
334 101 0
215 105 0
205 150 0
701 200 2
875 181 3
863 400 4
806 424 4
202 739 7
821 779 6
906 828 6
817 840 6
550 480 5
884 503 4
817 510 4
224 389 1
183 409 1
843 721 6
524 476 5
493 510 5
210 663 7
213 709 7
169 782 7
250 776 7
159 766 7
565 503 5
484 531 5
232 56 0
199 7 0
860 389 4
814 357 4
834 91 3
886 735 6
864 871 6
811 846 6
373 818 7
501 889 8
830 514 4
814 391 4
644 462 5
527 709 8
179 736 7
196 817 7
163 840 7
171 887 7
177 888 7
205 771 7
178 854 7
597 297 2
581 256 2
631 251 2
196 104 0
265 133 0
186 119 0
281 135 0
481 241 2
631 260 2
823 138 3
158 109 0
197 123 0
161 110 0
219 109 0
219 59 0
165 90 0
211 101 0
198 548 1
506 773 8
459 752 8
495 752 8
553 756 8
597 753 8
679 755 8
637 761 8
174 148 0
249 117 0
194 123 0
561 202 2
217 164 0
564 781 8
501 782 8
476 870 8
523 870 8
472 900 8
836 831 6
544 750 8
197 393 1
844 366 4
625 152 2
568 217 2
197 143 0
194 739 7
192 778 7
147 770 7
144 809 7
170 713 7
162 749 7
148 874 7
183 128 0
622 250 2
662 210 2
853 92 3
847 328 4
490 172 2
251 112 0
240 107 0
263 69 0
224 665 7
212 732 7
498 529 5
505 735 8
498 773 8
547 771 8
495 880 8
500 774 8
548 774 8
588 762 8
659 758 8
463 776 8
489 866 8
472 902 8
520 862 8
625 788 8
831 748 6
817 808 6
476 873 8
217 726 7
504 721 8
518 518 5
537 773 8
831 743 6
861 343 4
849 97 3
201 767 7
497 535 5
893 591 4
863 851 6
177 875 7
170 818 7
128 699 7
189 810 7
164 845 7
184 804 7
298 817 7
902 837 6
257 100 0
209 157 0
485 878 8
176 876 7
192 799 7
195 719 7
186 813 7
246 806 7
178 803 7
175 843 7
213 808 7
258 816 7
382 804 7
388 840 7
315 826 7
399 834 7
628 205 2
682 213 2
880 99 3
846 89 3
858 353 4
925 504 4
860 117 3
492 166 2
249 72 0
244 785 7
259 227 0
249 106 0
198 164 0
500 552 5
216 194 0
196 116 0
521 835 8
479 785 8
538 774 8
586 773 8
631 772 8
578 782 8
581 774 8
505 772 8
498 779 8
833 817 6
500 765 8
243 731 7
635 744 8
305 746 7
587 461 5
875 430 4
581 472 5
888 881 6
534 812 8
891 381 4
841 349 4
873 184 3
877 509 4
908 113 3
847 98 3
862 88 3
838 353 4
915 345 4
834 381 4
813 421 4
870 100 3
928 92 3
837 426 4
821 516 4
189 388 1
191 717 7
229 693 7
183 734 7
164 728 7
203 735 7
270 762 7
315 772 7
259 761 7
209 742 7
153 735 7
179 767 7
282 719 7
164 734 7
203 729 7
192 735 7
503 787 8
500 734 8
519 775 8
866 884 6
242 79 0
830 68 3
812 394 4
830 337 4
823 407 4
214 691 7
490 714 8
369 796 7
497 748 8
646 742 8
507 729 8
582 740 8
528 746 8
644 740 8
579 819 8
498 861 8
506 714 8
651 741 8
578 747 8
520 752 8
499 826 8
199 682 7
207 372 1
569 455 5
568 501 5
506 499 5
888 327 4
924 336 4
883 100 3
824 99 3
858 355 4
859 700 6
813 716 6
874 474 4
844 484 4
914 864 6
846 816 6
274 796 7
189 743 7
227 761 7
191 797 7
196 751 7
259 746 7
204 466 1
190 402 1
185 793 7
177 829 7
160 794 7
209 782 7
244 782 7
287 788 7
234 790 7
221 746 7
187 755 7
170 690 7
208 790 7
283 785 7
628 283 2
659 241 2
829 310 4
447 555 5
503 501 5
279 184 0
214 150 0
272 111 0
207 112 0
689 236 2
286 105 0
321 103 0
812 111 3
874 109 3
915 340 4
876 425 4
847 521 4
841 808 6
545 730 8
504 700 8
554 712 8
595 724 8
671 747 8
474 224 2
224 134 0
198 164 0
582 711 8
504 675 8
189 701 7
556 762 8
519 702 8
319 801 7
618 715 8
534 237 2
609 498 5
655 486 5
831 545 4
558 854 8
332 833 7
333 798 7
189 836 7
175 799 7
300 751 7
201 776 7
293 739 7
251 747 7
185 790 7
167 720 7
285 795 7
310 763 7
314 722 7
252 728 7
452 548 5
502 495 5
533 205 2
261 121 0
211 69 0
659 487 5
614 286 2
550 508 5
487 499 5
221 202 0
201 133 0
189 414 1
224 683 7
214 769 7
399 772 7
805 364 4
844 525 4
846 832 6
534 784 8
476 742 8
489 838 8
472 803 8
468 788 8
521 803 8
479 760 8
518 781 8
565 783 8
635 781 8
673 757 8
566 761 8
514 783 8
562 775 8
506 855 8
523 823 8
511 753 8
521 708 8
525 839 8
569 812 8
553 779 8
505 794 8
535 749 8
488 899 8
515 724 8
542 517 5
838 376 4
820 458 4
324 743 7
293 832 7
208 837 7
164 838 7
146 732 7
185 708 7
195 861 7
171 835 7
168 795 7
172 842 7
328 864 7
372 868 7
351 851 7
252 861 7
203 863 7
355 874 7
290 865 7
516 202 2
854 807 6
839 860 6
874 523 4
491 592 5
505 535 5
201 407 1
533 193 2
870 497 4
479 779 8
556 755 8
471 759 8
515 778 8
535 749 8
577 770 8
649 768 8
651 773 8
538 817 8
681 798 8
604 799 8
648 796 8
497 882 8
817 488 4
887 553 4
359 850 7
210 867 7
862 340 4
922 97 3
178 405 1
207 783 7
190 734 7
199 779 7
228 873 7
193 863 7
170 815 7
183 773 7
215 681 7
294 726 7
185 725 7
281 714 7
465 175 2
211 78 0
929 135 3
874 76 3
903 421 4
838 499 4
205 78 0
278 115 0
186 381 1
269 104 0
250 704 7
480 725 8
504 781 8
507 816 8
489 768 8
541 763 8
584 766 8
678 750 8
186 80 0
529 835 8
871 438 4
824 485 4
813 779 6
511 501 5
224 780 7
321 857 7
190 738 7
179 791 7
183 739 7
294 864 7
170 851 7
276 855 7
324 859 7
209 840 7
178 795 7
182 727 7
176 770 7
329 866 7
204 774 7
359 839 7
256 803 7
289 193 0
554 208 2
671 222 2
248 145 0
896 587 4
904 511 4
646 255 2
688 232 2
163 422 1
532 474 5
221 136 0
287 118 0
202 117 0
865 109 3
246 175 0
543 711 8
494 721 8
588 724 8
650 723 8
697 728 8
654 740 8
563 732 8
541 822 8
501 855 8
540 797 8
869 541 4
888 504 4
810 518 4
634 725 8
210 777 7
359 778 7
130 815 7
150 709 7
155 770 7
214 781 7
128 814 7
165 725 7
143 766 7
353 766 7
151 811 7
323 766 7
381 790 7
279 773 7
214 773 7
153 795 7
284 781 7
223 795 7
568 269 2
519 235 2
478 198 2
668 176 2
138 62 0
164 78 0
287 47 0
108 136 0
143 35 0
246 58 0
826 72 3
113 77 0
214 64 0
275 69 0
191 81 0
263 75 0
515 155 2
254 75 0
126 62 0
677 285 2
647 475 5
481 487 5
845 487 4
462 769 8
452 715 8
321 782 7
470 751 8
932 544 4
511 699 8
483 687 8
500 761 8
574 785 8
600 755 8
634 800 8
670 797 8
703 776 8
170 717 7
175 691 7
500 696 8
490 692 8
870 793 6
899 480 4
843 478 4
550 523 5
194 469 1
284 853 7
156 688 7
197 711 7
166 829 7
163 789 7
140 753 7
162 828 7
191 853 7
216 792 7
211 754 7
131 759 7
355 799 7
343 765 7
125 711 7
163 731 7
151 676 7
270 722 7
155 705 7
120 772 7
139 733 7
218 745 7
129 708 7
374 792 7
380 786 7
156 745 7
127 716 7
172 697 7
186 734 7
123 719 7
162 730 7
200 732 7
256 711 7
228 690 7
251 717 7
138 765 7
131 719 7
374 775 7
197 878 7
136 789 7
134 836 7
336 834 7
246 814 7
390 793 7
129 747 7
132 753 7
550 448 5
502 189 2
242 110 0
329 113 0
601 214 2
867 175 3
870 124 3
489 715 8
217 717 7
821 504 4
221 133 0
284 128 0
334 159 0
214 357 1
193 413 1
539 734 8
890 513 4
513 777 8
564 777 8
616 774 8
665 765 8
701 767 8
674 815 8
718 773 8
665 800 8
701 810 8
661 806 8
854 739 6
575 288 2
205 398 1
868 130 3
263 773 7
291 838 7
195 860 7
194 700 7
203 723 7
382 840 7
211 732 7
207 848 7
274 820 7
190 786 7
524 731 8
855 497 4