619 457 5
544 260 5
564 206 5
564 196 5
288 175 4
228 180 4
529 170 5
510 293 5
437 298 5
534 219 5
256 261 4
429 279 5
460 384 5
482 492 5
476 328 5
427 284 5
506 304 5
419 308 5
440 528 5
478 494 5
418 534 5
456 289 5
400 301 5
610 309 5
471 303 5
427 286 5
382 278 5
425 409 5
490 422 5
414 521 5
441 492 5
451 297 5
458 481 5
425 280 5
390 282 5
273 253 4
194 247 4
254 267 4
852 815 0
821 892 0
217 259 4
262 254 4
192 273 4
244 267 4
280 272 4
814 702 0
815 871 0
846 399 1
852 241 2
839 391 1
892 367 1
821 591 0
802 874 0
868 879 0
893 771 0
581 540 5
803 569 0
568 478 5
556 374 5
528 320 5
625 297 5
847 176 2
810 137 2
851 136 2
565 169 5
817 387 1
837 332 1
824 206 2
565 376 5
649 340 5
549 166 5
500 269 5
427 276 5
552 387 5
669 420 5
488 546 5
480 581 5
815 735 0
820 627 0
827 602 0
824 595 0
868 396 1
882 349 1
818 618 0
797 698 0
857 901 0
798 874 0
801 878 0
837 841 0
885 799 0
911 862 0
868 868 0
813 878 0
871 877 0
553 451 5
571 256 5
545 181 5
552 428 5
537 169 5
241 259 4
461 488 5
538 413 5
429 476 5
392 505 5
358 495 5
370 528 5
448 523 5
544 527 5
383 528 5
443 520 5
484 522 5
554 524 5
594 533 5
429 549 5
263 323 4
291 189 4
532 228 5
556 503 5
551 161 5
798 716 0
537 189 5
522 226 5
416 279 5
597 268 5
536 275 5
550 190 5
466 292 5
556 176 5
900 707 0
889 782 0
724 426 5
860 798 0
893 767 0
839 761 0
900 733 0
519 537 5
511 290 5
397 303 5
454 302 5
386 526 5
521 304 5
423 303 5
561 198 5
658 342 5
647 305 5
822 201 2
486 313 5
470 461 5
393 456 5
495 421 5
416 427 5
503 436 5
384 439 5
584 435 5
696 415 5
536 210 5
582 251 5
550 191 5
383 289 5
553 284 5
633 279 5
238 193 4
557 256 5
504 404 5
884 726 0
585 296 5
561 179 5
641 330 5
393 263 5
575 195 5
427 292 5
576 331 5
588 412 5
414 438 5
435 536 5
393 555 5
420 425 5
600 395 5
426 335 5
407 293 5
553 273 5
478 406 5
588 433 5
389 435 5
438 299 5
388 320 5
487 323 5
379 321 5
588 390 5
396 316 5
586 288 5
450 317 5
399 330 5
517 521 5
566 258 5
416 302 5
587 297 5
400 316 5
446 316 5
516 328 5
570 309 5
386 324 5
550 161 5
640 298 5
464 277 5
570 278 5
547 165 5
210 225 4
190 342 4
468 427 5
265 282 4
419 498 5
539 310 5
455 524 5
395 515 5
606 415 5
544 392 5
612 306 5
547 175 5
459 261 5
524 309 5
510 237 5
411 313 5
309 140 4
272 73 4
254 311 4
449 316 5
213 279 4
614 292 5
435 295 5
572 372 5
516 596 5
433 495 5
372 504 5
388 561 5
460 525 5
501 533 5
554 554 5
553 519 5
592 529 5
372 498 5
401 548 5
394 490 5
387 448 5
547 397 5
400 503 5
538 422 5
433 521 5
522 230 5
237 159 4
290 222 4
270 70 4
425 354 5
548 220 5
527 399 5
400 286 5
256 196 4
216 226 4
490 283 5
371 275 5
229 263 4
225 341 4
488 351 5
669 327 5
518 286 5
456 412 5
396 439 5
419 428 5
510 439 5
599 427 5
607 443 5
712 432 5
731 443 5
706 445 5
717 416 5
617 384 5
628 425 5
683 439 5
527 450 5
627 414 5
644 448 5
437 290 5
236 96 4
461 550 5
442 511 5
395 537 5
448 554 5
407 536 5
447 546 5
504 551 5
559 551 5
606 552 5
619 538 5
594 540 5
513 546 5
588 336 5
817 230 2
826 151 2
406 578 5
653 407 5
544 205 5
878 329 1
608 554 5
489 512 5
411 532 5
542 215 5
434 283 5
640 277 5
839 356 1
254 205 4
209 267 4
228 125 4
483 365 5
432 308 5
472 313 5
459 514 5
401 534 5
568 260 5
542 330 5
499 433 5
394 438 5
505 423 5
603 435 5
705 447 5
604 452 5
576 419 5
251 184 4
836 225 2
849 182 2
277 207 4
221 246 4
226 171 4
861 385 1
797 597 0
430 507 5
397 478 5
377 522 5
449 534 5
422 500 5
369 515 5
395 545 5
445 540 5
496 537 5
604 536 5
860 168 2
375 547 5
407 612 5
449 380 5
391 255 5
242 256 4
232 149 4
224 55 4
433 452 5
488 340 5
560 284 5
291 109 4
277 268 4
465 305 5
400 302 5
222 270 4
214 210 4
449 308 5
233 274 4
285 293 4
462 328 5
421 323 5
381 295 5
418 309 5
466 316 5
396 435 5
403 513 5
419 390 5
409 295 5
504 293 5
250 65 4
468 439 5
393 471 5
446 415 5
463 334 5
540 320 5
583 311 5
632 312 5
475 317 5
428 326 5
556 315 5
605 315 5
572 235 5
469 311 5
531 318 5
451 351 5
417 377 5
440 481 5
506 453 5
411 437 5
514 436 5
525 434 5
598 429 5
706 444 5
715 458 5
719 439 5
839 351 1
547 506 5
407 577 5
554 448 5
602 417 5
526 435 5
647 436 5
697 440 5
488 607 5
413 582 5
481 502 5
423 531 5
430 267 5
466 581 5
414 549 5
471 453 5
543 411 5
505 273 5
456 507 5
451 410 5
411 519 5
385 555 5
346 538 5
423 563 5
487 579 5
548 564 5
473 549 5
533 537 5
594 525 5
446 463 5
538 378 5
560 162 5
697 454 5
482 491 5
549 190 5
458 372 5
275 59 4
306 100 4
242 79 4
643 474 5
513 332 5
513 229 5
269 266 4
426 475 5
369 279 5
421 433 5
428 552 5
617 306 5
885 693 0
455 462 5
482 500 5
561 534 5
579 228 5
610 302 5
598 539 5
487 556 5
539 457 5
542 363 5
589 300 5
645 319 5
534 298 5
522 330 5
573 311 5
587 288 5
572 300 5
852 324 1
863 178 2
543 238 5
573 401 5
571 335 5
475 368 5
597 473 5
535 268 5
587 373 5
591 429 5
499 400 5
515 241 5
524 294 5
467 356 5
413 325 5
836 544 0
551 436 5
591 435 5
601 441 5
615 402 5
584 318 5
601 428 5
561 239 5
441 307 5
704 426 5
433 329 5
433 283 5
655 358 5
387 286 5
509 302 5
512 283 5
539 181 5
511 230 5
447 316 5
399 450 5
555 435 5
488 568 5
476 302 5
380 326 5
606 372 5
493 434 5
429 334 5
700 403 5
454 316 5
417 320 5
540 366 5
525 319 5
567 345 5
532 349 5
547 414 5
493 241 5
533 333 5
536 368 5
489 389 5
478 296 5
265 290 4
488 303 5
413 290 5
370 315 5
467 498 5
396 544 5
437 491 5
391 526 5
422 480 5
463 286 5
202 231 4
390 538 5
481 533 5
524 535 5
513 525 5
522 300 5
421 290 5
584 308 5
630 326 5
503 294 5
437 290 5
602 295 5
673 300 5
551 187 5
411 314 5
486 321 5
384 343 5
465 338 5
560 346 5
377 362 5
553 205 5
231 231 4
264 80 4
867 385 1
491 570 5
391 596 5
217 326 4
455 408 5
424 551 5
506 271 5
662 297 5
458 297 5
525 304 5
399 319 5
551 235 5
428 420 5
496 445 5
631 391 5
585 406 5
867 825 0
795 867 0
490 293 5
408 338 5
552 306 5
634 308 5
435 331 5
482 438 5
587 429 5
735 436 5
692 440 5
540 219 5
398 277 5
230 237 4
207 281 4
883 828 0
817 878 0
794 712 0
449 298 5
434 342 5
505 447 5
675 451 5
588 453 5
572 237 5
693 414 5
704 471 5
578 390 5
726 446 5
399 446 5
493 441 5
385 442 5
515 444 5
398 446 5
498 444 5
591 416 5
463 282 5
590 298 5
632 307 5
466 361 5
508 446 5
602 447 5
701 456 5
505 319 5
543 347 5
709 482 5
522 315 5
420 310 5
609 311 5
469 337 5
531 350 5
566 439 5
596 469 5
440 577 5
464 545 5
486 382 5
415 610 5
538 584 5
869 339 1
808 175 2
389 424 5
444 568 5
232 429 3
216 231 4
266 120 4
345 105 4
808 219 2
814 176 2
228 239 4
402 325 5
546 316 5
469 573 5
572 561 5
630 351 5
463 391 5
527 464 5
389 516 5
836 780 0
801 909 0
835 896 0
816 700 0
797 588 0
264 263 4
245 119 4
306 90 4
837 176 2
216 334 4
431 605 5
482 571 5
482 428 5
427 552 5
516 554 5
385 579 5
458 576 5
563 570 5
435 563 5
520 572 5
415 574 5
451 577 5
355 520 5
390 534 5
444 572 5
385 571 5
463 569 5
558 562 5
598 554 5
462 588 5
383 590 5
567 576 5
413 600 5
478 608 5
513 568 5
390 499 5
525 413 5
385 521 5
585 516 5
310 102 4
286 90 4
543 198 5
328 94 4
570 208 5
604 267 5
333 98 4
502 487 5
536 265 5
589 308 5
378 303 5
262 205 4
573 324 5
429 338 5
429 561 5
486 298 5
280 122 4
255 249 4
481 398 5
552 452 5
641 430 5
409 462 5
465 491 5
408 486 5
393 472 5
492 490 5
397 487 5
497 493 5
600 485 5
635 455 5
706 502 5
696 457 5
731 481 5
591 258 5
547 251 5
870 332 1
835 214 2
655 427 5
722 460 5
607 431 5
517 275 5
543 173 5
575 230 5
506 243 5
491 412 5
419 314 5
582 223 5
520 600 5
470 563 5
388 572 5
427 578 5
516 586 5
478 591 5
555 598 5
430 328 5
557 202 5
539 356 5
438 274 5
277 109 4
232 89 4
794 182 2
544 257 5
427 288 5
553 288 5
436 287 5
522 305 5
258 178 4
642 316 5
547 304 5
449 308 5
573 277 5
437 431 5
395 445 5
490 446 5
593 457 5
699 460 5
682 416 5
551 522 5
500 519 5
658 441 5
511 413 5
582 188 5
865 155 2
481 415 5
475 285 5
819 210 2
815 148 2
285 142 4
218 121 4
224 395 3
489 499 5
404 528 5
466 562 5
507 552 5
561 563 5
615 558 5
566 561 5
407 548 5
475 566 5
527 545 5
610 548 5
571 577 5
599 548 5
515 523 5
429 488 5
499 284 5
556 216 5
401 314 5
418 612 5
447 421 5
428 296 5
483 291 5
237 252 4
461 302 5
569 292 5
649 285 5
407 287 5
259 261 4
415 298 5
405 323 5
508 388 5
460 421 5
407 429 5
493 486 5
871 760 0
784 693 0
854 842 0
861 862 0
814 867 0
818 675 0
471 314 5
519 266 5
216 248 4
260 223 4
216 170 4
216 258 4
254 191 4
216 251 4
267 248 4
561 203 5
408 273 5
496 274 5
581 281 5
404 279 5
513 289 5
492 398 5
404 411 5
210 248 4
219 173 4
218 244 4
279 249 4
211 265 4
270 268 4
307 276 4
834 888 0
788 871 0
829 717 0
784 676 0
810 867 0
870 869 0
542 276 5
787 220 2
519 310 5
575 395 5
474 291 5
412 281 5
538 217 5
418 348 5
395 424 5
494 423 5
599 423 5
694 425 5
455 497 5
406 519 5
532 236 5
555 175 5
438 344 5
523 261 5
422 391 5
393 416 5
500 416 5
559 410 5
468 563 5
405 551 5
387 501 5
451 534 5
494 531 5
570 527 5
532 525 5
402 533 5
604 354 5
538 202 5
557 268 5
496 436 5
870 326 1
819 137 2
243 150 4
547 320 5
521 258 5
421 566 5
423 444 5
399 492 5
408 260 5
204 240 4
259 117 4
504 285 5
649 302 5
494 527 5
565 515 5
412 516 5
540 604 5
607 465 5
458 392 5
208 457 3
247 288 4
513 284 5
225 147 4
506 398 5
402 419 5
492 410 5
571 175 5
594 410 5
688 407 5
647 300 5
509 377 5
559 344 5
509 361 5
569 189 5
512 378 5
526 173 5
872 307 1
569 393 5
474 255 5
596 263 5
508 485 5
401 523 5
475 529 5
534 514 5
594 507 5
877 785 0
882 723 0
834 863 0
512 483 5
717 453 5
594 338 5
825 219 2
303 284 4
439 474 5
431 520 5
391 310 5
386 561 5
394 308 5
390 528 5
538 544 5
544 504 5
482 533 5
448 409 5
421 489 5
361 520 5
449 302 5
658 303 5
867 306 1
846 227 2
793 197 2
562 442 5
434 465 5
355 427 5
397 450 5
491 455 5
586 458 5
701 460 5
701 493 5
475 467 5
470 372 5
413 336 5
263 278 4
467 335 5
481 405 5
621 344 5
630 350 5
179 279 4
180 223 4
303 249 4
166 276 4
186 177 4
516 489 5
392 510 5
375 549 5
443 555 5
478 560 5
523 562 5
592 560 5
625 515 5
592 503 5
584 538 5
480 532 5
519 473 5
505 266 5
426 306 5
228 239 4
778 583 0
826 829 0
400 509 5
474 270 5
410 297 5
462 599 5
459 323 5
524 325 5
392 330 5
433 321 5
388 407 5
385 315 5
424 339 5
543 307 5
673 313 5
498 317 5
409 314 5
402 352 5
634 346 5
442 365 5
444 427 5
391 447 5
502 431 5
614 431 5
386 441 5
733 470 5
695 468 5
369 444 5
491 444 5
552 436 5
605 436 5
496 432 5
453 382 5
475 417 5
380 418 5
565 409 5
559 452 5
512 426 5
510 431 5
604 437 5
411 410 5
397 446 5
376 375 5
399 410 5
392 447 5
503 447 5
543 433 5
582 451 5
583 405 5
599 458 5
681 458 5
678 456 5
600 461 5
576 401 5
594 459 5
704 441 5
504 473 5
409 471 5
405 532 5
614 437 5
591 409 5
421 371 5
431 333 5
418 289 5
519 428 5
392 450 5
374 492 5
372 538 5
405 512 5
393 560 5
409 519 5
464 547 5
517 541 5
584 562 5
553 426 5
506 300 5
430 306 5
245 66 4
199 174 4
567 259 5
420 553 5
209 399 3
448 545 5
392 549 5
227 398 3
209 433 3
409 578 5
483 371 5
411 322 5
385 525 5
435 312 5
249 202 4
409 535 5
446 535 5
385 532 5
383 497 5
404 569 5
461 570 5
451 450 5
382 561 5
219 403 3
429 554 5
382 536 5
397 558 5
380 573 5
207 281 4
225 114 4
503 249 5
497 280 5
427 302 5
443 370 5
412 312 5
480 317 5
599 316 5
661 315 5
240 213 4
205 241 4
206 119 4
272 114 4
561 235 5
433 306 5
470 321 5
431 375 5
434 431 5
493 367 5
645 342 5
658 284 5
620 343 5
644 431 5
582 455 5
391 450 5
487 454 5
586 464 5
680 463 5
700 468 5
591 295 5
550 212 5
553 296 5
408 305 5
278 175 4
548 177 5
612 332 5
580 590 5
401 564 5
223 440 3
421 508 5
424 410 5
406 320 5
540 311 5
458 562 5
398 541 5
429 390 5
406 322 5
505 263 5
520 301 5
442 551 5
389 540 5
392 422 5
395 330 5
216 184 4
209 101 4
816 161 2
840 315 1
490 335 5
394 318 5
206 435 3
386 570 5
449 579 5
561 573 5
397 578 5
473 540 5
696 438 5
562 354 5
543 220 5
536 218 5
411 371 5
385 324 5
265 172 4
213 72 4
289 93 4
805 356 1
840 409 1
818 183 2
784 150 2
293 92 4
414 369 5
373 503 5
369 546 5
550 525 5
475 526 5
414 523 5
377 543 5
493 516 5
666 422 5
519 448 5
386 321 5
471 552 5
458 443 5
450 341 5
829 348 1
796 217 2
238 262 4
169 293 4
181 336 4
534 408 5
546 229 5
815 885 0
780 174 2
837 902 0
802 871 0
847 905 0
869 711 0
815 601 0
867 359 1
817 247 2
814 179 2
883 711 0
856 913 0
656 456 5
477 511 5
389 553 5
446 543 5
435 385 5
390 337 5
319 86 4
240 120 4
191 107 4
311 96 4
507 303 5
404 312 5
366 326 5
212 271 4
173 293 4
429 434 5
379 437 5
496 431 5
387 442 5
483 449 5
585 446 5
682 417 5
670 456 5
638 401 5
587 440 5
559 464 5
634 462 5
549 439 5
539 430 5
376 493 5
571 456 5
533 435 5
477 522 5
529 412 5
522 394 5
537 430 5
416 317 5
377 294 5
486 299 5
817 177 2
786 156 2
402 526 5
363 527 5
409 526 5
391 562 5
453 562 5
491 554 5
534 548 5
547 434 5
586 584 5
537 404 5
271 203 4
521 312 5
412 434 5
401 383 5
346 344 5
242 236 4
193 271 4
881 364 1
838 342 1
551 288 5
404 520 5
439 547 5
373 519 5
392 551 5
480 553 5
385 601 5
515 559 5
501 410 5
406 448 5
511 449 5
603 453 5
669 461 5
602 463 5
686 461 5
687 457 5
724 470 5
815 687 0
909 748 0
641 475 5
513 545 5
805 649 0
535 341 5
828 195 2
280 189 4
210 268 4
244 151 4
459 484 5
472 345 5
421 483 5
459 457 5
203 418 3
390 500 5
388 547 5
475 545 5
576 555 5
592 449 5
857 201 2
811 205 2
441 527 5
435 454 5
502 220 5
828 319 1
520 501 5
375 489 5
443 303 5
370 319 5
375 353 5
223 312 4
239 155 4
192 201 4
487 291 5
382 329 5
258 88 4
204 236 4
269 269 4
206 213 4
512 346 5
407 340 5
522 247 5
568 452 5
491 465 5
408 444 5
406 520 5
414 345 5
472 344 5
508 346 5
581 339 5
499 462 5
430 346 5
401 479 5
438 491 5
471 565 5
486 241 5
534 227 5
487 595 5
846 829 0
251 202 4
189 192 4
858 819 0
480 481 5
399 475 5
454 475 5
492 466 5
578 470 5
669 482 5
475 565 5
397 581 5
509 492 5
674 476 5
631 378 5
403 321 5
836 263 1
590 454 5
582 445 5
404 446 5
479 447 5
528 447 5
632 446 5
545 456 5
599 478 5
700 482 5
400 477 5
483 468 5
580 475 5
441 477 5
535 463 5
389 498 5
461 307 5
525 455 5
498 417 5
494 442 5
343 504 5
386 491 5
574 274 5
808 338 1
517 467 5
402 311 5
279 77 4
492 354 5
394 319 5
233 156 4
200 95 4
187 250 4
213 410 3
396 564 5
432 556 5
416 590 5
515 587 5
599 587 5
588 582 5
613 579 5
857 906 0
798 899 0
523 585 5
533 441 5
407 405 5
515 270 5
401 328 5
485 338 5
526 286 5
543 339 5
618 346 5
645 373 5
669 311 5
842 348 1
441 333 5
373 314 5
247 166 4
554 242 5
390 345 5
404 422 5
402 470 5
414 339 5
374 328 5
215 248 4
168 262 4
355 314 5
389 328 5
387 331 5
450 346 5
627 370 5
402 342 5
495 454 5
396 469 5
492 471 5
536 286 5
533 328 5
382 332 5
566 321 5
489 428 5
498 463 5
388 362 5
480 492 5
398 330 5
490 445 5
496 492 5
567 487 5
497 473 5
585 484 5
655 495 5
696 486 5
688 442 5
401 474 5
445 325 5
635 478 5
413 529 5
419 465 5
419 542 5
385 555 5
542 379 5
644 352 5
844 362 1
451 510 5
486 466 5
385 440 5
656 473 5
417 345 5
390 300 5
400 571 5
827 211 2
826 171 2
846 361 1
311 105 4
222 94 4
394 328 5
439 336 5
523 357 5
410 371 5
453 367 5
504 378 5
547 366 5
400 390 5
458 373 5
473 398 5
509 389 5
519 402 5
503 307 5
549 413 5
491 449 5
394 560 5
520 413 5
498 367 5
528 469 5
386 550 5
390 571 5
451 547 5
481 574 5
478 451 5
501 579 5
544 559 5
595 577 5
616 536 5
235 219 4
559 276 5
700 489 5
826 749 0
542 411 5
519 298 5
292 230 4
221 224 4
536 265 5
485 349 5
430 338 5
468 314 5
222 258 4
468 338 5
424 343 5
586 340 5
637 337 5
410 339 5
239 269 4
265 185 4
489 343 5
416 344 5
602 336 5
399 335 5
629 344 5
513 337 5
630 343 5
445 426 5
504 451 5
398 470 5
359 338 5
262 306 4
431 529 5
494 472 5
659 470 5
385 382 5
485 431 5
275 303 4
222 301 4
246 250 4
186 294 4
450 461 5
389 472 5
386 546 5
198 297 4
247 295 4
191 292 4
259 290 4
182 302 4
271 313 4
439 367 5
255 299 4
195 288 4
346 580 5
392 575 5
567 570 5
390 565 5
227 312 4
190 304 4
255 295 4
193 302 4
246 301 4
196 321 4
273 322 4
468 493 5
388 486 5
500 486 5
601 480 5
687 484 5
447 481 5
503 588 5
855 688 0
545 481 5
422 469 5
505 455 5
404 463 5
900 769 0
818 696 0
808 642 0
807 598 0
620 566 5
600 531 5
823 913 0
709 453 5
692 462 5
546 461 5
843 602 0
832 849 0
515 501 5
398 462 5
495 457 5
258 252 4
482 481 5
525 465 5
540 471 5
497 476 5
431 472 5
501 445 5
455 459 5
479 468 5
405 470 5
539 464 5
540 473 5
386 483 5
551 459 5
546 468 5
423 514 5
466 477 5
548 476 5
410 496 5
543 472 5
538 467 5
414 487 5
542 471 5
404 492 5
544 474 5
528 477 5
536 456 5
573 544 5
511 540 5
411 492 5
447 539 5
539 540 5
544 425 5
572 471 5
552 572 5
542 483 5
414 499 5
503 524 5
540 492 5
397 496 5
508 392 5
598 375 5
474 351 5
409 330 5
236 252 4
418 327 5
489 334 5
584 341 5
633 344 5
456 337 5
411 332 5
472 341 5
419 347 5
486 373 5
500 371 5
414 340 5
571 343 5
612 358 5
446 349 5
379 352 5
451 354 5
549 363 5
394 362 5
517 389 5
595 379 5
503 561 5
428 558 5
405 530 5
405 572 5
369 379 5
278 334 4
240 322 4
452 365 5
396 362 5
505 360 5
556 370 5
633 347 5
418 353 5
544 373 5
403 362 5
535 383 5
504 559 5
397 598 5
421 381 5
385 365 5
424 359 5
508 356 5
550 361 5
571 364 5
439 358 5
396 344 5
438 354 5
554 353 5
402 367 5
451 376 5
533 377 5
397 394 5
467 388 5
554 357 5
501 408 5
463 400 5
522 396 5
441 363 5
495 548 5
479 394 5
432 355 5
541 352 5
614 347 5
579 345 5
563 360 5
453 358 5
408 356 5
526 373 5
484 398 5
519 406 5
466 396 5
559 527 5
528 416 5
531 269 5
287 221 4
268 131 4
512 269 5
531 313 5
455 285 5
410 309 5
400 311 5
403 399 5
410 362 5
398 329 5
331 129 4
449 376 5
422 424 5
459 373 5
537 350 5
624 345 5
464 372 5
400 439 5
432 321 5
541 310 5
557 431 5
575 340 5
449 433 5
403 442 5
364 371 5
361 321 5
252 251 4
408 423 5
386 453 5
414 318 5
458 316 5
405 450 5
487 445 5
412 311 5
471 316 5
546 305 5
607 307 5
660 306 5
615 307 5
504 384 5
585 427 5
541 329 5
577 446 5
569 263 5
596 327 5
595 423 5
504 433 5
581 451 5
524 362 5
588 417 5
615 313 5
278 246 4
499 254 5
905 765 0
876 870 0
806 603 0
252 275 4
225 225 4
495 330 5
589 462 5
691 454 5
599 456 5
700 462 5
868 194 2
811 612 0
897 749 0
608 427 5
475 427 5
510 279 5
478 549 5
409 528 5
448 466 5
416 489 5
464 423 5
635 436 5
426 369 5
423 411 5
296 282 4
210 299 4
843 624 0
817 588 0
847 315 1
808 177 2
560 381 5
439 563 5
381 550 5
500 555 5
587 563 5
387 549 5
478 456 5
380 522 5
374 459 5
386 448 5
387 455 5
421 439 5
382 456 5
407 459 5
496 457 5
576 471 5
671 470 5
582 272 5
569 231 5
419 563 5
369 570 5
644 459 5
716 445 5
692 475 5
387 527 5
374 562 5
373 559 5
430 563 5
471 568 5
540 570 5
597 573 5
578 575 5
683 462 5
611 529 5
519 281 5
509 237 5
272 252 4
206 253 4
507 406 5
440 282 5
285 246 4
410 319 5
519 314 5
593 319 5
568 234 5
461 300 5
414 305 5
465 312 5
245 182 4
202 105 4
207 60 4
481 309 5
413 318 5
419 424 5
404 468 5
493 459 5
592 441 5
500 301 5
247 73 4
567 283 5
429 314 5
411 437 5
379 457 5
215 211 4
491 451 5
391 459 5
406 533 5
523 449 5
508 267 5
421 292 5
527 250 5
433 298 5
429 416 5
406 449 5
488 449 5
394 464 5
510 455 5
599 463 5
709 459 5
483 368 5
403 309 5
506 312 5
607 472 5
562 582 5
412 559 5
364 555 5
417 546 5
866 403 1
498 589 5
402 556 5
426 470 5
411 506 5
383 540 5
390 557 5
449 559 5
502 561 5
578 561 5
383 573 5
217 54 4
690 441 5
409 587 5
842 353 1
632 299 5
484 355 5
393 328 5
223 79 4
475 370 5
407 335 5
215 204 4
489 485 5
457 322 5
863 193 2
823 136 2
198 196 4
189 284 4
264 288 4
403 325 5
499 338 5
642 333 5
509 348 5
476 394 5
633 398 5
461 391 5
399 360 5
491 391 5
519 337 5
576 522 5
511 476 5
401 472 5
639 430 5
715 473 5
255 207 4
190 282 4
247 286 4
195 312 4
261 313 4
178 213 4
545 361 5
371 332 5
210 311 4
368 324 5
436 373 5
361 336 5
586 574 5
894 752 0
604 349 5
405 339 5
491 350 5
575 353 5
635 351 5
481 380 5
656 398 5
432 374 5
486 381 5
376 359 5
502 371 5
395 361 5
506 385 5
625 374 5
400 362 5
496 371 5
391 361 5
452 371 5
532 371 5
386 378 5
628 377 5
349 302 5
484 456 5
407 360 5
543 400 5
494 397 5
413 340 5
570 365 5
651 395 5
652 445 5
432 466 5
388 475 5
494 480 5
583 478 5
495 425 5
418 438 5
678 468 5
451 444 5
544 469 5
527 454 5
395 369 5
522 467 5
428 436 5
428 476 5
391 497 5
452 445 5
640 474 5
403 338 5
229 295 4
179 291 4
265 302 4
206 299 4
235 342 4
457 396 5
234 326 4
452 598 5
389 536 5
498 511 5
375 575 5
434 589 5
486 586 5
542 586 5
597 589 5
539 356 5
592 392 5
425 432 5
398 530 5
553 284 5
842 387 1
441 537 5
378 553 5
495 369 5
508 322 5
410 323 5
443 482 5
392 524 5
394 434 5
456 323 5
614 322 5
430 325 5
545 266 5
410 482 5
414 548 5
400 424 5
532 398 5
486 403 5
406 252 5
544 246 5
407 316 5
264 179 4
547 232 5
402 329 5
439 327 5
477 324 5
408 316 5
502 315 5
564 320 5
633 318 5
460 317 5
483 415 5
408 461 5
535 260 5
409 316 5
485 344 5
517 415 5
539 291 5
555 257 5
433 319 5
611 391 5
517 415 5
375 557 5
503 281 5
553 266 5
526 404 5
486 452 5
532 253 5
446 308 5
245 231 4
183 263 4
821 255 2
821 212 2
498 391 5
839 211 2
528 369 5
877 777 0
241 190 4
197 192 4
560 299 5
490 390 5
486 456 5
405 320 5
469 320 5
420 314 5
511 320 5
295 115 4
413 312 5
278 302 4
415 490 5
382 545 5
447 568 5
384 564 5
451 567 5
386 563 5
449 564 5
502 424 5
589 454 5
566 342 5
644 335 5
454 315 5
817 181 2
455 329 5
402 325 5
475 323 5
541 322 5
582 315 5
649 315 5
541 256 5
664 311 5
454 319 5
407 318 5
673 432 5
563 337 5
369 317 5
426 318 5
502 318 5
544 321 5
591 317 5
638 336 5
545 338 5
523 310 5
655 379 5
463 338 5
653 426 5
478 339 5
620 333 5
493 310 5
669 409 5
478 341 5
603 337 5
563 312 5
644 334 5
584 338 5
433 333 5
616 356 5
521 439 5
393 479 5
821 213 2
246 143 4
226 81 4
437 550 5
373 536 5
447 536 5
387 564 5
458 566 5
523 572 5
533 456 5
569 568 5
386 573 5
529 468 5
288 117 4
852 783 0
789 684 0
377 597 5
364 543 5
409 378 5
197 304 4
385 350 5
539 303 5
658 329 5
587 359 5
617 379 5
397 380 5
607 369 5
440 448 5
376 500 5
483 491 5
558 438 5
581 497 5
689 483 5
379 512 5
458 405 5
436 362 5
610 321 5
549 264 5
629 436 5
485 473 5
493 567 5
450 578 5
504 341 5
499 421 5
489 466 5
372 387 5
438 565 5
383 560 5
409 278 5
366 323 5
564 454 5
428 280 5
411 455 5
382 492 5
376 589 5
399 562 5
399 617 5
457 603 5
514 609 5
573 597 5
587 596 5
372 607 5
291 258 4
508 201 5
560 218 5
183 418 3
547 231 5
870 696 0
875 762 0
873 770 0
827 699 0
188 422 3
280 217 4
230 139 4
198 93 4
417 554 5
499 241 5
567 218 5
815 147 2
520 217 5
556 225 5
850 718 0
596 371 5
567 398 5
391 386 5
376 269 5
560 221 5
223 177 4
228 309 4
183 450 3
192 406 3
524 578 5
867 865 0
807 881 0
877 781 0
833 814 0
842 196 2
557 212 5
224 199 4
203 251 4
243 98 4
199 97 4
270 123 4
241 150 4
237 114 4
296 116 4
234 226 4
163 237 4
200 114 4
476 550 5
184 408 3
186 430 3
535 309 5
467 283 5
871 168 2
810 144 2
252 126 4
217 151 4
497 258 5
707 413 5
911 764 0
825 839 0
232 226 4
446 548 5
400 552 5
266 241 4
233 170 4
236 251 4
354 408 5
210 442 3
196 406 3
188 273 4
187 236 4
252 228 4
484 611 5
898 797 0
829 840 0
829 878 0
871 881 0
850 875 0
872 905 0
782 886 0
845 760 0
821 839 0
612 297 5
558 285 5
679 408 5
510 413 5
392 428 5
386 281 5
390 421 5
394 447 5
455 412 5
390 397 5
552 423 5
383 458 5
546 424 5
545 442 5
550 397 5
544 426 5
208 408 3
551 417 5
860 387 1
831 775 0
816 843 0
205 270 4
241 160 4
222 92 4
207 262 4
214 131 4
281 121 4
204 70 4
823 132 2
605 287 5
509 288 5
400 284 5
192 103 4
462 457 5
486 539 5
387 515 5
373 583 5
392 542 5
489 549 5
573 532 5
591 540 5
625 550 5
613 557 5
387 514 5
393 563 5
386 520 5
442 391 5
407 417 5
344 486 5
398 376 5
538 244 5
809 342 1
476 429 5
392 327 5
435 319 5
210 279 4
448 568 5
397 559 5
402 307 5
205 295 4
514 445 5
384 463 5
510 318 5
828 325 1
800 223 2
824 336 1
375 451 5
304 78 4
523 350 5
417 342 5
226 299 4
400 545 5
462 567 5
262 117 4
314 107 4
222 100 4
249 129 4
267 174 4
497 223 5
441 329 5
206 300 4
255 293 4
550 350 5
398 339 5
439 344 5
194 297 4
250 291 4
188 324 4
229 309 4
287 320 4
465 321 5
399 335 5
488 333 5
542 332 5
590 332 5
642 335 5
232 331 4
195 332 4
824 175 2
830 400 1
849 360 1
880 377 1
892 380 1
375 520 5
446 386 5
401 452 5
203 305 4
529 329 5
413 338 5
600 363 5
649 370 5
272 295 4
469 353 5
531 217 5
655 420 5
491 442 5
399 458 5
506 456 5
593 456 5
704 437 5
405 277 5
216 224 4
570 481 5
407 434 5
545 436 5
532 438 5
414 548 5
251 285 4
186 282 4
527 415 5
496 613 5
379 589 5
222 301 4
674 364 5
805 196 2
467 374 5
521 219 5
398 549 5
352 508 5
398 556 5
450 552 5
497 554 5
508 553 5
467 534 5
382 526 5
257 77 4
446 495 5
374 410 5
234 309 4
428 327 5
378 329 5
271 144 4
206 60 4
236 94 4
190 80 4
239 90 4
193 125 4
194 161 4
203 213 4
421 321 5
390 338 5
469 342 5
420 345 5
381 347 5
398 422 5
378 331 5
431 578 5
366 476 5
458 476 5
557 482 5
665 484 5
521 246 5
394 330 5
364 353 5
442 434 5
456 471 5
208 414 3
196 278 4
425 351 5
378 329 5
507 408 5
371 335 5
192 262 4
252 307 4
484 406 5
473 455 5
415 344 5
830 372 1
792 198 2
182 276 4
400 587 5
355 582 5
458 597 5
545 583 5
511 234 5
414 310 5
250 102 4
262 68 4
405 440 5
836 351 1
835 307 1
823 135 2
266 103 4
300 118 4
249 177 4
487 338 5
415 324 5
420 530 5
479 330 5
236 217 4
267 132 4
209 147 4
494 307 5
396 318 5
518 258 5
217 248 4
525 433 5
192 228 4
223 283 4
519 479 5
496 437 5
398 442 5
202 269 4
259 278 4
187 298 4
254 298 4
197 219 4
253 218 4
826 323 1
800 208 2
403 252 5
288 111 4
259 48 4
537 261 5
412 319 5
370 322 5
534 229 5
403 325 5
475 319 5
388 329 5
479 327 5
381 328 5
632 334 5
537 459 5
495 446 5
434 415 5
874 625 0
801 573 0
448 368 5
402 430 5
436 319 5
395 427 5
418 307 5
377 328 5
496 326 5
574 331 5
630 327 5
565 320 5
642 325 5
675 466 5
460 460 5
376 475 5
425 474 5
582 440 5
444 271 5
392 285 5
247 221 4
467 333 5
445 441 5
389 445 5
640 435 5
589 452 5
685 462 5
406 445 5
437 288 5
410 319 5
577 356 5
601 322 5
688 466 5
462 437 5
493 459 5
597 458 5
402 462 5
579 453 5
698 484 5
433 548 5
450 402 5
516 342 5
513 418 5
541 306 5
409 338 5
566 285 5
825 313 1
814 139 2
480 450 5
383 487 5
232 287 4
197 272 4
255 273 4
401 528 5
403 574 5
197 305 4
491 486 5
791 566 0
513 364 5
403 539 5
813 198 2
858 165 2
544 261 5
396 318 5
454 316 5
525 307 5
220 272 4
774 588 0
819 743 0
815 836 0
196 272 4
229 289 4
185 304 4
216 147 4
203 207 4
483 324 5
390 310 5
208 278 4
202 197 4
255 191 4
191 212 4
188 153 4
471 350 5
214 280 4
253 269 4
190 298 4
251 290 4
199 161 4
192 225 4
524 337 5
406 323 5
633 357 5
445 535 5
434 308 5
840 195 2
418 314 5
384 339 5
414 320 5
488 317 5
547 324 5
468 449 5
400 364 5
596 382 5
382 350 5
424 347 5
625 352 5
441 508 5
389 530 5
628 350 5
407 342 5
823 199 2
495 331 5
512 371 5
662 350 5
819 624 0
833 681 0
398 392 5
406 343 5
433 608 5
383 540 5
422 329 5
385 340 5
419 323 5
427 343 5
374 340 5
425 352 5
659 351 5
395 346 5
494 532 5
406 585 5
668 430 5
403 565 5
871 684 0
396 506 5
393 561 5
450 559 5
517 569 5
592 563 5
405 327 5
242 104 4
856 181 2
297 258 4
551 299 5
244 71 4
563 545 5
876 740 0
719 421 5
835 356 1
868 341 1
830 242 2
474 348 5
407 332 5
472 339 5
546 331 5
635 332 5
402 433 5
420 333 5
494 330 5
631 327 5
473 319 5
298 250 4
247 288 4
462 326 5
389 331 5
548 408 5
423 325 5
478 329 5
456 311 5
402 322 5
466 328 5
385 327 5
547 410 5
389 342 5
344 327 5
418 340 5
515 341 5
392 342 5
253 278 4
394 332 5
233 302 4
185 277 4
398 329 5
406 323 5
214 302 4
424 346 5
379 325 5
395 323 5
494 367 5
510 470 5
424 355 5
377 331 5
336 293 4
403 329 5
224 291 4
424 338 5
206 277 4
499 307 5
452 362 5
392 333 5
590 398 5
590 455 5
186 246 4
236 277 4
278 273 4
682 333 5
668 380 5
616 327 5
217 270 4
179 264 4
224 266 4
274 266 4
183 266 4
229 261 4
273 269 4
549 307 5
414 316 5
276 166 4
216 111 4
257 300 4
546 424 5
428 323 5
392 312 5
430 489 5
408 556 5
397 310 5
535 359 5
418 339 5
410 313 5
478 329 5
519 332 5
575 334 5
427 314 5
389 323 5
432 334 5
486 306 5
387 341 5
477 324 5
398 287 5
397 337 5
451 324 5
399 325 5
442 333 5
387 343 5
529 338 5
404 331 5
451 327 5
489 340 5
496 308 5
688 450 5
381 318 5
479 318 5
594 326 5
557 321 5
658 328 5
630 369 5
512 385 5
379 337 5
439 300 5
386 315 5
489 438 5
430 327 5
541 447 5
425 339 5
544 452 5
434 314 5
464 346 5
541 452 5
471 342 5
484 572 5
481 609 5
401 581 5
349 318 5
482 364 5
445 338 5
588 333 5
647 337 5
514 363 5
641 386 5
583 349 5
443 349 5
391 333 5
443 336 5
479 333 5
420 330 5
282 310 4
209 275 4
481 303 5
223 278 4
184 262 4
425 323 5
571 340 5
642 334 5
805 207 2
531 336 5
251 253 4
202 262 4
269 263 4
208 249 4
198 267 4
189 196 4
229 259 4
282 266 4
191 287 4
261 292 4
194 305 4
282 304 4
469 335 5
378 312 5
231 252 4
430 335 5
395 336 5
188 287 4
192 426 3
203 246 4
437 342 5
293 308 4
477 497 5
471 541 5
435 348 5
396 330 5
451 338 5
521 381 5
445 472 5
401 321 5
446 349 5
580 358 5
464 324 5
393 322 5
420 547 5
385 575 5
411 391 5
397 583 5
459 588 5
415 373 5
419 321 5
561 332 5
421 320 5
446 341 5
400 338 5
388 589 5
446 450 5
438 372 5
413 499 5
397 553 5
473 571 5
381 569 5
434 540 5
388 588 5
397 336 5
508 326 5
435 314 5
413 333 5
565 331 5
454 325 5
391 329 5
274 298 4
218 284 4
452 441 5
203 416 3
196 268 4
200 433 3
825 314 1
843 368 1
846 329 1
802 154 2
505 316 5
411 326 5
420 489 5
420 536 5
379 531 5
387 576 5
413 613 5
203 415 3
416 370 5
439 599 5
392 581 5
389 570 5
435 534 5
370 533 5
386 547 5
389 586 5
461 585 5
505 593 5
540 587 5
577 584 5
448 575 5
881 713 0
494 599 5
377 587 5
508 510 5
483 342 5
510 266 5
401 287 5
433 347 5
446 305 5
460 362 5
462 290 5
392 299 5
629 287 5
393 480 5
372 550 5
362 592 5
376 531 5
201 433 3
217 264 4
193 303 4
489 304 5
436 388 5
814 178 2
794 225 2
585 403 5
610 318 5
384 320 5
437 429 5
382 442 5
876 396 1
205 419 3
471 557 5
395 566 5
819 579 0
910 865 0
808 873 0
276 118 4
208 114 4
251 290 4
184 297 4
418 316 5
473 340 5
819 177 2
814 219 2
540 327 5
635 330 5
434 342 5
526 350 5
375 323 5
419 330 5
189 421 3
216 401 3
477 550 5
394 543 5
483 551 5
394 537 5
200 419 3
423 561 5
521 557 5
587 557 5
550 560 5
536 445 5
465 547 5
393 533 5
212 453 3
387 556 5
873 176 2
210 239 4
205 308 4
237 113 4
205 134 4
345 100 4
795 185 2
877 197 2
436 507 5
269 111 4
229 138 4
251 165 4
282 95 4
211 174 4
213 249 4
211 171 4
255 64 4
280 73 4
201 87 4
206 171 4
219 101 4
330 100 4
215 218 4
197 259 4
209 196 4
256 265 4
201 181 4
300 257 4
431 305 5
396 300 5
515 279 5
536 342 5
572 299 5
616 289 5
484 276 5
543 291 5
399 296 5
438 293 5
484 293 5
557 297 5
630 316 5
392 320 5
510 326 5
500 471 5
505 383 5
526 272 5
227 153 4
229 104 4
555 246 5
427 296 5
579 317 5
541 342 5
414 325 5
517 312 5
626 317 5
436 294 5
397 292 5
219 263 4
474 304 5
419 315 5
415 414 5
406 492 5
270 175 4
538 216 5
561 282 5
503 315 5
647 334 5
492 358 5
419 440 5
510 429 5
401 443 5
500 439 5
598 446 5
704 454 5
464 303 5
402 316 5
178 451 3
595 401 5
554 279 5
426 300 5
614 315 5
877 392 1
512 303 5
413 311 5
472 322 5
197 261 4
439 510 5
254 216 4
262 173 4
227 137 4
827 186 2
800 333 1
452 319 5
212 286 4
454 506 5
419 457 5
389 534 5
444 530 5
553 535 5
456 488 5
501 405 5
495 363 5
515 436 5
504 397 5
488 454 5
595 351 5
602 478 5
541 420 5
469 511 5
418 518 5
443 264 5
415 313 5
421 473 5
386 481 5
400 532 5
369 504 5
393 348 5
394 521 5
425 465 5
389 531 5
449 505 5
270 311 4
264 222 4
836 743 0
866 724 0
556 297 5
528 418 5
424 466 5
388 449 5
434 401 5
491 447 5
559 468 5
551 406 5
587 461 5
685 478 5
684 449 5
563 356 5
550 238 5
537 353 5
552 380 5
548 456 5
646 456 5
647 390 5
652 445 5
521 421 5
598 420 5
582 444 5
511 413 5
420 396 5
416 432 5
559 443 5
402 414 5
197 439 3
456 406 5
389 531 5
444 530 5
486 546 5
544 580 5
592 562 5
570 553 5
472 532 5
530 383 5
486 385 5
547 321 5
628 310 5
543 204 5
471 304 5
409 302 5
509 293 5
592 315 5
650 319 5
393 293 5
235 256 4
540 338 5
818 352 1
470 376 5
514 360 5
407 313 5
493 443 5
452 430 5
397 441 5
482 447 5
479 360 5
489 437 5
567 463 5
485 471 5
587 468 5
679 472 5
709 473 5
664 490 5
591 438 5
684 465 5
602 426 5
449 546 5
441 525 5
434 505 5
619 537 5
481 487 5
656 425 5
500 230 5
397 543 5
378 490 5
393 548 5
497 560 5
568 558 5
408 530 5
392 485 5
443 506 5
556 224 5
456 340 5
407 303 5
551 296 5
372 295 5
426 251 5
239 113 4
202 67 4
274 315 4
428 452 5
381 526 5
397 288 5
194 264 4
791 196 2
461 476 5
385 548 5
516 242 5
402 327 5
383 424 5
470 451 5
394 440 5
500 437 5
604 441 5
720 444 5
564 428 5
703 471 5
392 478 5
245 166 4
188 397 3
403 373 5
397 450 5
415 496 5
388 556 5
443 546 5
507 543 5
587 540 5
390 541 5
554 227 5
300 137 4
483 499 5
505 362 5
546 247 5
247 80 4
517 217 5
558 245 5
464 587 5
451 537 5
456 317 5
386 324 5
264 141 4
233 220 4
394 508 5
409 328 5
286 224 4
273 164 4
228 311 4
402 320 5
491 322 5
550 323 5
644 326 5
565 267 5
399 393 5
448 338 5
502 432 5
477 418 5
383 454 5
412 413 5
401 338 5
391 410 5
380 343 5
464 337 5
514 336 5
571 338 5
622 323 5
433 390 5
431 349 5
384 460 5
380 356 5
480 331 5
380 331 5
470 332 5
565 221 5
554 323 5
504 445 5
577 333 5
614 322 5
676 325 5
568 240 5
546 412 5
580 446 5
840 320 1
619 403 5
466 478 5
509 410 5
454 448 5
385 515 5
464 384 5
593 453 5
554 327 5
404 329 5
620 471 5
581 459 5
420 326 5
495 335 5
590 336 5
597 460 5
543 321 5
589 326 5
403 348 5
451 439 5
487 460 5
387 462 5
403 562 5
565 460 5
510 433 5
466 442 5
387 461 5
389 466 5
506 458 5
501 465 5
512 551 5
606 514 5
598 478 5
710 459 5
589 468 5
448 522 5
379 489 5
691 459 5
543 449 5
478 499 5
469 400 5
375 461 5
445 297 5
542 226 5
407 333 5
439 308 5
549 199 5
515 317 5
483 439 5
465 501 5
185 424 3
495 511 5
375 505 5
877 385 1
848 336 1
841 593 0
838 695 0
814 647 0
229 294 4
193 145 4
860 218 2
837 180 2
826 178 2
241 187 4
247 279 4
179 180 4
266 170 4
863 344 1
845 684 0
828 578 0
824 674 0
839 844 0
884 846 0
806 849 0
193 467 3
180 407 3
408 524 5
383 558 5
530 554 5
561 555 5
612 556 5
583 527 5
609 551 5
575 554 5
544 280 5
550 323 5
397 251 5
850 307 1
326 124 4
171 206 4
468 286 5
221 77 4
241 45 4
235 84 4
852 146 2
236 85 4
281 94 4
212 91 4
819 321 1
209 223 4
169 227 4
187 257 4
189 220 4
172 248 4
534 223 5
503 289 5
412 283 5
654 284 5
406 523 5
465 452 5
340 553 5
494 533 5
421 468 5
437 522 5
453 474 5
842 241 2
833 185 2
812 633 0
438 563 5
379 621 5
810 224 2
279 139 4
819 224 2
237 174 4
204 264 4
285 140 4
197 413 3
521 325 5
394 329 5
618 356 5
435 442 5
370 433 5
678 416 5
702 445 5
417 418 5
377 441 5
503 396 5
486 438 5
381 443 5
477 442 5
482 395 5
497 451 5
373 450 5
502 419 5
547 436 5
353 467 5
533 429 5
538 401 5
406 310 5
173 307 4
815 178 2
357 280 5
488 284 5
398 568 5
802 655 0
782 581 0
853 245 2
803 174 2
839 316 1
244 80 4
219 105 4
225 314 4
268 68 4
241 37 4
809 170 2
815 133 2
790 177 2
882 327 1
806 342 1
410 250 5
562 276 5
452 337 5
383 496 5
369 569 5
355 477 5
459 485 5
368 481 5
511 445 5
458 501 5
574 509 5
888 710 0
844 590 0
809 650 0
867 826 0
800 827 0
823 213 2
836 180 2
798 217 2
832 185 2
264 76 4
469 325 5
419 304 5
417 255 5
413 442 5
345 497 5
377 451 5
354 510 5
432 526 5
391 535 5
425 495 5
467 484 5
443 571 5
474 484 5
445 540 5
494 520 5
532 516 5
572 452 5
497 481 5
509 530 5
351 453 5
339 518 5
434 328 5
516 269 5
521 216 5
403 282 5
172 446 3
522 290 5
409 292 5
505 290 5
580 278 5
570 312 5
423 413 5
477 281 5
417 291 5
388 427 5
443 301 5
457 403 5
366 424 5
410 409 5
381 432 5
482 436 5
593 442 5
708 459 5
621 482 5
585 452 5
837 375 1
650 320 5
845 766 0
855 703 0
788 688 0
831 788 0
826 830 0
522 231 5
405 271 5
391 374 5
375 424 5
395 299 5
591 439 5
416 255 5
370 267 5
185 234 4
891 763 0
442 324 5
373 303 5
497 338 5
414 303 5
828 673 0
850 855 0
787 683 0
413 407 5
390 246 5
276 113 4
807 180 2
798 714 0
791 624 0
832 843 0
368 435 5
379 559 5
365 510 5
361 579 5
379 540 5
435 534 5
488 532 5
541 551 5
585 554 5
580 543 5
537 540 5